66
AKR1A1|NP_006057.1|Homo                                            0.0000000 0.0645016 0.0669857 0.0747782 1.1273202 1.1313154 1.1219386 1.1253024 1.1913184 1.0910736 1.1962709 1.1763341 1.2442571 1.1884481 1.2917450 1.2034865 1.2329121 1.3245739 1.2748470 1.1557751 1.4526831 1.4559400 1.6026807 1.4936389 1.5695118 1.5679044 1.5784278 1.7134409 1.7691414 1.6522876 1.6716330 1.5615016 1.6474384 1.5935517 1.7470732 1.6593600 1.6159913 1.6721589 1.6495239 1.6272813 1.5246779 1.6383562 1.5837584 1.5581262 1.7106075 1.5280293 1.5305344 1.5172371 1.5655732 1.4996589 1.5062938 1.5166404 1.4859595 1.5317637 1.5760424 1.6353284 1.4938127 1.4208355 1.5331564 4.6614432 1.3272103 1.4376879 1.8967024 1.8650138 1.1079301 1.5779859 
AKR1A2|P50578.3|Sus                                                0.0645016 0.0000000 0.0822153 0.0964144 1.1431146 1.1286631 1.1338240 1.1372355 1.1775424 1.0978095 1.1859245 1.1897013 1.2378972 1.1564870 1.3036433 1.2161484 1.2259921 1.3249916 1.2676993 1.1513103 1.4503323 1.4600812 1.5815025 1.5088535 1.5769932 1.5213413 1.5795772 1.7155774 1.7714835 1.6261988 1.6452388 1.5636880 1.6269530 1.5738502 1.7446133 1.6712482 1.5888798 1.6467947 1.6488866 1.6082308 1.4835076 1.6237290 1.5641494 1.5577492 1.6824281 1.5324587 1.5567921 1.5183060 1.5611845 1.4804845 1.5171109 1.5241480 1.4879060 1.4940472 1.6090735 1.6345470 1.4597002 1.3930127 1.5241708 4.5601026 1.3091755 1.4367537 1.7934842 1.8806974 1.0889554 1.5669930 
AKR1A3|P51635.2|Rattus                                             0.0669857 0.0822153 0.0000000 0.0292127 1.1267070 1.1044489 1.1509558 1.1466768 1.1783489 1.0835195 1.1759823 1.1747717 1.2257645 1.1593954 1.3314455 1.1854615 1.1841713 1.3319777 1.2560380 1.1518995 1.4643043 1.4621699 1.6098120 1.4880289 1.5619953 1.5780255 1.5623880 1.7124780 1.8030071 1.7041661 1.7239121 1.5498228 1.6423184 1.5941397 1.8075815 1.6322588 1.6110455 1.6616400 1.6394121 1.5942077 1.5405904 1.6421589 1.5843385 1.5837255 1.6983652 1.5184185 1.5535727 1.5151189 1.5504420 1.4836422 1.4906314 1.5232517 1.4839035 1.5651155 1.5762575 1.6264704 1.5165638 1.4155763 1.5496619 4.8780564 1.2923491 1.4006653 1.8414537 1.7982033 1.0671958 1.5505371 
AKR1A4|NP_067448.1|Mus                                             0.0747782 0.0964144 0.0292127 0.0000000 1.1622385 1.1113467 1.1507146 1.1513499 1.1934862 1.1032419 1.1761307 1.1535583 1.2071845 1.1661706 1.2935381 1.1640495 1.1629155 1.3148117 1.2334745 1.1309433 1.4112033 1.4090356 1.5554634 1.4370705 1.5440508 1.5407701 1.5437606 1.6876301 1.7525864 1.7271056 1.7397536 1.5035117 1.6470503 1.6017024 1.7787775 1.6082540 1.5837904 1.6338289 1.6128569 1.5676937 1.5200829 1.6037305 1.5918368 1.5258594 1.7010892 1.4672420 1.5559065 1.5179763 1.5527662 1.4670412 1.5006598 1.5334459 1.4726388 1.5090384 1.5762188 1.6247464 1.5014578 1.4236042 1.5346659 4.7468266 1.3006731 1.4116737 1.8294103 1.7660282 1.1046010 1.5198924 
AKR1B1|NP_001619.1|Homo                                            1.1273202 1.1431146 1.1267070 1.1622385 0.0000000 0.1291246 0.1766874 0.1753469 0.1663979 0.1622398 0.4430189 0.4666730 0.4429266 0.4506337 0.5474675 0.4396596 0.4997435 0.5334314 0.4787433 0.4215143 1.2150374 1.2009176 1.2492854 1.2041823 1.0891854 1.1738241 1.1662124 1.3130316 1.3755586 1.2894403 1.2632825 1.1976052 1.3386581 1.3647881 1.3364009 1.1495864 1.3890440 1.4635679 1.2644861 1.2499604 1.1491941 1.3225617 1.3736382 1.2060650 1.3693836 1.2141065 1.1124764 1.1406659 1.1791862 1.0588000 1.1386503 1.1131977 1.1379284 1.1982539 1.4383908 1.4308574 1.1129746 1.0139398 1.2006416 4.3816610 0.7404129 0.7730742 1.3464840 1.6525567 0.7852543 1.6607842 
AKR1B2|P15122.3|Oryctolagus|cuniculus|Animalia|Mammalia|Lagomorpha 1.1313154 1.1286631 1.1044489 1.1113467 0.1291246 0.0000000 0.1395105 0.1432220 0.1611499 0.1671133 0.4510865 0.4501682 0.4352674 0.4286236 0.5362878 0.4252305 0.4884188 0.4987449 0.4502911 0.4294235 1.2200139 1.2057524 1.2786709 1.2498263 1.1401505 1.2066149 1.1960395 1.3209454 1.3948729 1.3159527 1.2698124 1.2165961 1.2975271 1.3231581 1.3756333 1.1857249 1.3110213 1.3779514 1.2960213 1.2796926 1.2197850 1.3560969 1.3318778 1.1824947 1.3043042 1.2581862 1.1804676 1.2206018 1.2566442 1.0927379 1.1753630 1.1660370 1.1990776 1.2400959 1.3682414 1.3149465 1.2100436 1.0550416 1.2376232 4.4604713 0.6755788 0.7356169 1.2651390 1.6102580 0.7738991 1.5846486 
AKR1B3|P45376.3|Mus                                                1.1219386 1.1338240 1.1509558 1.1507146 0.1766874 0.1395105 0.0000000 0.0333128 0.2061792 0.2015228 0.4964878 0.5080331 0.4841179 0.4670472 0.5470535 0.4926049 0.5451378 0.5396194 0.5076891 0.4834968 1.2868503 1.2844330 1.3206541 1.2332529 1.1612250 1.1721987 1.2533268 1.3653872 1.3902990 1.2992154 1.2735777 1.2706153 1.3180571 1.3525294 1.3770658 1.2029831 1.3486594 1.4134231 1.3525144 1.3051291 1.1636622 1.4074355 1.3614049 1.2160555 1.3077636 1.2850223 1.2004341 1.2762686 1.3008675 1.1051651 1.1635284 1.1677075 1.2413198 1.2239490 1.4021425 1.3784356 1.2347698 1.1318028 1.3231970 4.1604186 0.7325412 0.8166003 1.3087460 1.6697981 0.7518531 1.7052004 
AKR1B4|NP_036630.1|Rattus                                          1.1253024 1.1372355 1.1466768 1.1513499 0.1753469 0.1432220 0.0333128 0.0000000 0.2036379 0.2015677 0.4961441 0.5007677 0.4622421 0.4533437 0.5262757 0.4841522 0.5398438 0.5248032 0.5025771 0.4813340 1.3133212 1.3109703 1.3440429 1.2596905 1.1877157 1.1907304 1.2792909 1.3778471 1.4182725 1.3049246 1.2792225 1.2941544 1.3281342 1.3627841 1.4054567 1.2020047 1.3557730 1.4207782 1.3701354 1.3102319 1.1824523 1.4284248 1.3716936 1.2396187 1.3196900 1.3117546 1.2308890 1.3083252 1.3333916 1.1099882 1.1776461 1.1817791 1.2641150 1.2516069 1.4224944 1.3946940 1.2172283 1.1146711 1.3047946 4.2511349 0.7316749 0.8117425 1.2938841 1.6432618 0.7554603 1.6590522 
AKR1B5|P16116.2|Bos                                                1.1913184 1.1775424 1.1783489 1.1934862 0.1663979 0.1611499 0.2061792 0.2036379 0.0000000 0.1216312 0.5031367 0.5140215 0.4958739 0.4453482 0.5857735 0.4974818 0.5358278 0.5304826 0.4955965 0.4592370 1.2547110 1.2402204 1.2713534 1.2757143 1.1438572 1.1575189 1.2299284 1.3342171 1.4229890 1.3542444 1.3196123 1.2306988 1.3142367 1.3492146 1.3944723 1.1948390 1.3412409 1.4197108 1.3085697 1.2681546 1.1158036 1.3510945 1.3580194 1.2301230 1.3462366 1.2820780 1.2064517 1.2538076 1.2852452 1.1000339 1.1843715 1.1429044 1.1954691 1.2592700 1.4450898 1.4153849 1.1748428 1.0346991 1.2565598 4.8351861 0.7618334 0.8163992 1.3638656 1.7873294 0.7875382 1.7080121 
AKR1B6|P80276.2|Sus                                                1.0910736 1.0978095 1.0835195 1.1032419 0.1622398 0.1671133 0.2015228 0.2015677 0.1216312 0.0000000 0.5019360 0.5175893 0.5028676 0.4552427 0.6099386 0.5082488 0.5646827 0.5501225 0.5265363 0.4931224 1.2175622 1.2033011 1.2588910 1.2125161 1.1279126 1.1745540 1.2108010 1.3024447 1.4579961 1.2605001 1.2310838 1.2143775 1.2750888 1.3379194 1.4091189 1.1577333 1.3255606 1.4176307 1.2794663 1.2922865 1.1744864 1.3313416 1.3466455 1.1918392 1.3117735 1.2151424 1.1744344 1.2215246 1.2586541 1.0769507 1.1682418 1.1199295 1.1823128 1.2477272 1.3627034 1.3272320 1.1779082 1.0731338 1.2725655 4.6778551 0.7460521 0.8307327 1.4498862 1.7745671 0.8248821 1.6559492 
AKR1B7|P21300.4|Mus                                                1.1962709 1.1859245 1.1759823 1.1761307 0.4430189 0.4510865 0.4964878 0.4961441 0.5031367 0.5019360 0.0000000 0.2334013 0.2788217 0.2667726 0.5416297 0.2363943 0.1564641 0.3267867 0.1757162 0.2823871 1.3501846 1.3202312 1.3674892 1.3041139 1.2879100 1.3671163 1.3055143 1.4721122 1.4844282 1.4224224 1.3986297 1.3593399 1.4364785 1.4365250 1.5579719 1.3345994 1.3748702 1.4388809 1.4880009 1.4007272 1.3555673 1.5583412 1.4456364 1.3710074 1.4334542 1.3504751 1.3649228 1.3820932 1.4058641 1.2438360 1.3217504 1.3488979 1.3563051 1.4183978 1.4660623 1.3646891 1.1811344 1.2115589 1.2299588 4.8767688 0.7464462 0.8017519 1.4330862 1.8387712 0.8901102 1.7829330 
AKR1B8|NP_032038.1|Mus                                             1.1763341 1.1897013 1.1747717 1.1535583 0.4666730 0.4501682 0.5080331 0.5007677 0.5140215 0.5175893 0.2334013 0.0000000 0.0885719 0.2339904 0.5314378 0.0602199 0.2215180 0.2712409 0.2095705 0.1964490 1.2977147 1.2703904 1.3873397 1.3061674 1.2645701 1.4299165 1.3432600 1.5235054 1.5346918 1.4459380 1.4159619 1.3174537 1.3999283 1.3859442 1.5443843 1.3448691 1.3939877 1.4774311 1.5392359 1.3728558 1.3610326 1.5242600 1.3948321 1.2925929 1.4211976 1.3157111 1.3238635 1.3106736 1.3452247 1.2722014 1.3524199 1.3401330 1.3428491 1.3795771 1.4664049 1.3550206 1.2193998 1.1966803 1.2808853 4.6650918 0.7789124 0.8081229 1.5478050 1.7422468 0.8667263 1.7387721 
AKR1B9|AAC53199.1|Cricetulus                                       1.2442571 1.2378972 1.2257645 1.2071845 0.4429266 0.4352674 0.4841179 0.4622421 0.4958739 0.5028676 0.2788217 0.0885719 0.0000000 0.2181377 0.5352656 0.1008302 0.2633199 0.2532345 0.2581669 0.1854316 1.2461601 1.2196738 1.3121589 1.2358504 1.2432106 1.3709058 1.2746510 1.4465843 1.4531788 1.4142115 1.3953624 1.2695212 1.3314489 1.3137186 1.4534599 1.2710979 1.3430925 1.4138090 1.4732533 1.3923401 1.2705007 1.4443455 1.3223264 1.2646700 1.3643996 1.2718807 1.2661713 1.2629597 1.2964984 1.1838894 1.2558894 1.2514863 1.2770938 1.3163163 1.4153683 1.3228536 1.1350817 1.1424304 1.2102128 4.4854478 0.8131179 0.8438806 1.4997364 1.6822989 0.8783411 1.6827057 
AKR1B10|NP_064695.3|Homo                                           1.1884481 1.1564870 1.1593954 1.1661706 0.4506337 0.4286236 0.4670472 0.4533437 0.4453482 0.4552427 0.2667726 0.2339904 0.2181377 0.0000000 0.5130305 0.2385800 0.3079345 0.0941182 0.2352059 0.1771330 1.2795041 1.2448763 1.2992920 1.2750907 1.1931758 1.2803755 1.2821270 1.4196203 1.4350202 1.4127241 1.3886681 1.2510750 1.4030807 1.3811353 1.4472310 1.2063597 1.3198183 1.4223896 1.4372983 1.2916798 1.2091531 1.4885838 1.3900283 1.2974065 1.3652519 1.3100787 1.2448397 1.3087733 1.3336964 1.1503862 1.2821793 1.2358485 1.2368756 1.3070420 1.4334756 1.3663643 1.1215826 1.0813042 1.1599536 4.9176455 0.8319284 0.8577999 1.5252921 1.8304120 0.8212642 1.7551663 
AKR1B12|CAC40811.1|Gallus                                          1.2917450 1.3036433 1.3314455 1.2935381 0.5474675 0.5362878 0.5470535 0.5262757 0.5857735 0.6099386 0.5416297 0.5314378 0.5352656 0.5130305 0.0000000 0.5404159 0.5892707 0.5816842 0.5702657 0.5968735 1.1762542 1.1620107 1.1906295 1.1527363 1.1319637 1.1776302 1.2440932 1.2838209 1.4350480 1.3817853 1.3487605 1.1933840 1.2725037 1.2672743 1.3677697 1.1656838 1.2367407 1.2879170 1.3185015 1.1936094 1.1837657 1.2823780 1.2588858 1.1985503 1.2865853 1.2067173 1.1704395 1.2151697 1.2548200 1.0655519 1.2583485 1.2068849 1.1693690 1.2214058 1.3295334 1.3217183 1.2137661 1.1714198 1.3083422 4.7589402 0.7733290 0.7078505 1.2998690 1.6549973 0.9301223 1.5831505 
AKR1B13|CAC80649.1|Rattus                                          1.2034865 1.2161484 1.1854615 1.1640495 0.4396596 0.4252305 0.4926049 0.4841522 0.4974818 0.5082488 0.2363943 0.0602199 0.1008302 0.2385800 0.5404159 0.0000000 0.2280860 0.2599671 0.2129572 0.2160988 1.3254133 1.2976112 1.4075250 1.3249360 1.3042725 1.4456264 1.3746192 1.4718919 1.5590650 1.4900796 1.4594302 1.3477198 1.4150946 1.3781613 1.5916009 1.3811822 1.3860793 1.4952938 1.4961561 1.3662429 1.3729372 1.5407081 1.3870506 1.3323599 1.4286039 1.3346434 1.3508876 1.3428576 1.3788029 1.2867406 1.3611177 1.3551909 1.3699080 1.4136226 1.4531522 1.3764933 1.2116826 1.2016398 1.2694403 4.5818899 0.7980924 0.8094328 1.4772712 1.7854193 0.8882005 1.7415412 
AKR1B14|NP_446233.2|Rattus                                         1.2329121 1.2259921 1.1841713 1.1629155 0.4997435 0.4884188 0.5451378 0.5398438 0.5358278 0.5646827 0.1564641 0.2215180 0.2633199 0.3079345 0.5892707 0.2280860 0.0000000 0.3421940 0.1436135 0.2743396 1.3179805 1.2778613 1.3816977 1.3185905 1.2948714 1.3354636 1.2988105 1.5113485 1.4260991 1.5088118 1.4840539 1.3305953 1.3928590 1.3894509 1.4722249 1.3204940 1.3728233 1.4069494 1.5130716 1.3858415 1.3607417 1.4587329 1.3983123 1.3529106 1.3944767 1.3540902 1.3262999 1.3327559 1.3557775 1.2370070 1.2948880 1.2649663 1.3461328 1.3725473 1.4296231 1.3817258 1.2204329 1.2013346 1.2955243 4.6231445 0.7998357 0.8108441 1.6164735 1.8707409 0.9186885 1.8768817 
AKR1B15|EAL24068.1|Homo                                            1.3245739 1.3249916 1.3319777 1.3148117 0.5334314 0.4987449 0.5396194 0.5248032 0.5304826 0.5501225 0.3267867 0.2712409 0.2532345 0.0941182 0.5816842 0.2599671 0.3421940 0.0000000 0.2796150 0.2470095 1.3528430 1.3358397 1.3893914 1.3781720 1.3163517 1.3167237 1.3584603 1.4589088 1.4658827 1.4679707 1.4432458 1.4317092 1.5021631 1.4887878 1.5750970 1.3099085 1.4335542 1.4980964 1.4626090 1.4584650 1.3095983 1.5443166 1.4981277 1.3574640 1.4695360 1.4152508 1.3715750 1.4032839 1.4275157 1.2688984 1.3888529 1.3215543 1.3589032 1.3959854 1.5211518 1.4462043 1.2403362 1.1943381 1.2905427 5.1538471 0.9319802 0.9112671 1.5799449 1.9211191 0.9543391 1.8307594 
AKR1B18|NP_001013102.1|Rattus                                      1.2748470 1.2676993 1.2560380 1.2334745 0.4787433 0.4502911 0.5076891 0.5025771 0.4955965 0.5265363 0.1757162 0.2095705 0.2581669 0.2352059 0.5702657 0.2129572 0.1436135 0.2796150 0.0000000 0.2678742 1.3550811 1.3190236 1.3699047 1.3460022 1.2819044 1.3350189 1.3331786 1.4630424 1.4352811 1.4878349 1.4632030 1.3447793 1.4266442 1.4130598 1.4997695 1.3662768 1.3663816 1.4056980 1.4520232 1.4148242 1.3482241 1.4968163 1.4221126 1.3761925 1.4254972 1.3823276 1.3280878 1.4060552 1.4504936 1.2288920 1.3241882 1.3079236 1.3351301 1.4109432 1.5080302 1.4108238 1.2325889 1.2295974 1.2782849 4.9667834 0.7993217 0.8112122 1.4580757 1.7835464 0.9265274 1.8508900 
AKR1B19|NP_001254517.1|Oryctolagus                                 1.1557751 1.1513103 1.1518995 1.1309433 0.4215143 0.4294235 0.4834968 0.4813340 0.4592370 0.4931224 0.2823871 0.1964490 0.1854316 0.1771330 0.5968735 0.2160988 0.2743396 0.2470095 0.2678742 0.0000000 1.2645601 1.2423936 1.3636967 1.3038390 1.2198021 1.3747808 1.3051502 1.4832660 1.4479431 1.4642018 1.4340938 1.3311760 1.3808628 1.4318746 1.4571123 1.2075284 1.3877109 1.4617168 1.4464694 1.4076976 1.2533244 1.4983620 1.4409966 1.3181351 1.3904156 1.3186463 1.2978663 1.2926121 1.3438472 1.1704388 1.3058330 1.2313359 1.2607718 1.3004732 1.4486404 1.4331064 1.1506778 1.1493018 1.2139103 4.6883679 0.8745646 0.9206537 1.5028327 1.6567411 0.7970397 1.7895626 
AKR1C1|NP_001344.2|Homo                                            1.4526831 1.4503323 1.4643043 1.4112033 1.2150374 1.2200139 1.2868503 1.3133212 1.2547110 1.2175622 1.3501846 1.2977147 1.2461601 1.2795041 1.1762542 1.3254133 1.3179805 1.3528430 1.3550811 1.2645601 0.0000000 0.0228672 0.1505670 0.2198730 0.2663191 0.3235468 0.3136418 0.4787330 0.4971890 0.7841859 0.7982177 0.3155649 0.5200089 0.5678433 0.5095327 0.4772126 0.5221350 0.5213430 0.4169253 0.4277933 0.3723051 0.4083648 0.5675910 0.2493322 0.5053619 0.2202093 0.3637434 0.3339251 0.3238737 0.2778217 0.3165440 0.3175752 0.2389018 0.3219010 0.5621978 0.5158506 0.8113451 0.8001586 0.8453148 3.4694268 1.2786831 1.3238893 1.6240612 1.8285016 1.2248866 1.8019028 
AKR1C2|NP_001345.1|Homo                                            1.4559400 1.4600812 1.4621699 1.4090356 1.2009176 1.2057524 1.2844330 1.3109703 1.2402204 1.2033011 1.3202312 1.2703904 1.2196738 1.2448763 1.1620107 1.2976112 1.2778613 1.3358397 1.3190236 1.2423936 0.0228672 0.0000000 0.1632574 0.2384240 0.2865706 0.3452644 0.3343531 0.4974201 0.5103272 0.8070529 0.8213116 0.3259028 0.5282953 0.5764703 0.5192705 0.5000338 0.5248295 0.5102922 0.4298060 0.4296720 0.3800191 0.4040452 0.5762215 0.2682425 0.5135236 0.2433542 0.3655782 0.3418809 0.3427872 0.2927259 0.3348617 0.3438320 0.2626308 0.3484097 0.5708094 0.5266943 0.8161668 0.7977371 0.8590391 3.4294244 1.2909657 1.3279119 1.6796191 1.8139375 1.2168214 1.8056359 
AKR1C3|NP_003730.4|Homo                                            1.6026807 1.5815025 1.6098120 1.5554634 1.2492854 1.2786709 1.3206541 1.3440429 1.2713534 1.2588910 1.3674892 1.3873397 1.3121589 1.2992920 1.1906295 1.4075250 1.3816977 1.3893914 1.3699047 1.3636967 0.1505670 0.1632574 0.0000000 0.2045855 0.3109454 0.3346372 0.3567154 0.4397160 0.4698766 0.7487763 0.7625307 0.3228488 0.5544515 0.6077115 0.4726812 0.4892314 0.5698198 0.5633763 0.3882795 0.4438039 0.3566582 0.4358893 0.6074768 0.3092872 0.5440472 0.2084297 0.3539686 0.3395197 0.3347596 0.2926898 0.3387587 0.3261883 0.2753561 0.3390406 0.5994315 0.5663736 0.8906440 0.8519440 0.9478194 3.6344092 1.2832424 1.3832335 1.6954378 1.8660568 1.2350336 1.8703253 
AKR1C4|P17516.3|Homo                                               1.4936389 1.5088535 1.4880289 1.4370705 1.2041823 1.2498263 1.2332529 1.2596905 1.2757143 1.2125161 1.3041139 1.3061674 1.2358504 1.2750907 1.1527363 1.3249360 1.3185905 1.3781720 1.3460022 1.3038390 0.2198730 0.2384240 0.2045855 0.0000000 0.2876427 0.3410971 0.3708528 0.4929657 0.4819143 0.8048385 0.8093555 0.3454890 0.5379507 0.5702569 0.4912612 0.4646422 0.5405010 0.5662577 0.4390779 0.4762301 0.4074109 0.4332831 0.5700066 0.2874325 0.5428941 0.0673294 0.3445764 0.3421443 0.3535197 0.3276498 0.3342671 0.3142691 0.2676936 0.3475212 0.5606396 0.5329546 0.8559240 0.8338634 0.8804228 3.4417558 1.2566749 1.2997706 1.6282483 1.8169478 1.2661332 1.8925869 
AKR1C5|P80508.1|Oryctolagus                                        1.5695118 1.5769932 1.5619953 1.5440508 1.0891854 1.1401505 1.1612250 1.1877157 1.1438572 1.1279126 1.2879100 1.2645701 1.2432106 1.1931758 1.1319637 1.3042725 1.2948714 1.3163517 1.2819044 1.2198021 0.2663191 0.2865706 0.3109454 0.2876427 0.0000000 0.2675247 0.3605945 0.4653690 0.4380003 0.7619307 0.7749419 0.3683142 0.5994552 0.6095621 0.4492102 0.4309176 0.5619821 0.6005423 0.4150717 0.4295465 0.3254721 0.4120259 0.6093265 0.2822116 0.5726319 0.2851128 0.2588158 0.2672655 0.2720890 0.1908676 0.2312850 0.2348152 0.1011225 0.3079206 0.6114987 0.5545019 0.7930775 0.8248582 0.8490871 3.7576308 1.2433185 1.2296080 1.5298779 1.8621637 1.2052970 1.9177878 
AKR1C6|NP_085114.1|Mus                                             1.5679044 1.5213413 1.5780255 1.5407701 1.1738241 1.2066149 1.1721987 1.1907304 1.1575189 1.1745540 1.3671163 1.4299165 1.3709058 1.2803755 1.1776302 1.4456264 1.3354636 1.3167237 1.3350189 1.3747808 0.3235468 0.3452644 0.3346372 0.3410971 0.2675247 0.0000000 0.4229959 0.4610484 0.4265271 0.7311271 0.7438733 0.4335208 0.5429041 0.5718474 0.4188848 0.4457252 0.5652365 0.5510477 0.4202302 0.4705642 0.1406097 0.3511519 0.5715960 0.3235707 0.5439259 0.3281658 0.3437650 0.3416208 0.3491315 0.3115815 0.3407392 0.3166734 0.2727384 0.3296880 0.5578204 0.5222065 0.7921914 0.8144634 0.8525913 3.4237563 1.1863280 1.1896306 1.6446221 1.7983836 1.2036560 1.8149014 
AKR1C7|P05980.3|Bos                                                1.5784278 1.5795772 1.5623880 1.5437606 1.1662124 1.1960395 1.2533268 1.2792909 1.2299284 1.2108010 1.3055143 1.3432600 1.2746510 1.2821270 1.2440932 1.3746192 1.2988105 1.3584603 1.3331786 1.3051502 0.3136418 0.3343531 0.3567154 0.3708528 0.3605945 0.4229959 0.0000000 0.5080509 0.4983214 0.8032464 0.7985512 0.1668544 0.5414657 0.5704588 0.5340373 0.4361112 0.5115034 0.5418069 0.4637237 0.5429298 0.4385300 0.5021281 0.5702070 0.3505455 0.5439722 0.4053740 0.3907845 0.4018504 0.4020767 0.3852260 0.3727884 0.3563689 0.3601373 0.4206801 0.5555126 0.5477259 0.8393993 0.8539879 0.8621654 3.6107327 1.2520719 1.2931100 1.5114943 1.8073157 1.2425461 1.6429628 
AKR1C8|P51652.1|Rattus                                             1.7134409 1.7155774 1.7124780 1.6876301 1.3130316 1.3209454 1.3653872 1.3778471 1.3342171 1.3024447 1.4721122 1.5235054 1.4465843 1.4196203 1.2838209 1.4718919 1.5113485 1.4589088 1.4630424 1.4832660 0.4787330 0.4974201 0.4397160 0.4929657 0.4653690 0.4610484 0.5080509 0.0000000 0.5490447 0.8576463 0.8734627 0.5558106 0.5880588 0.6258336 0.5204562 0.6520930 0.6209231 0.6291276 0.0647156 0.5625448 0.4936159 0.5195166 0.6256067 0.4376726 0.5986281 0.4942370 0.5115436 0.4714326 0.4723311 0.4578658 0.5142517 0.4683414 0.4569539 0.4618182 0.6073379 0.5945521 0.9332501 1.0042109 0.9827694 3.5303766 1.3169995 1.4501959 1.5153432 1.9047927 1.3399803 1.7788158 
AKR1C9|P23457.1|Rattus                                             1.7691414 1.7714835 1.8030071 1.7525864 1.3755586 1.3948729 1.3902990 1.4182725 1.4229890 1.4579961 1.4844282 1.5346918 1.4531788 1.4350202 1.4350480 1.5590650 1.4260991 1.4658827 1.4352811 1.4479431 0.4971890 0.5103272 0.4698766 0.4819143 0.4380003 0.4265271 0.4983214 0.5490447 0.0000000 0.9378577 0.9478846 0.5110280 0.6086913 0.6401245 0.1490933 0.6275078 0.5985444 0.6290406 0.5171371 0.5644585 0.4794972 0.5293893 0.6398982 0.4837079 0.6371459 0.4753909 0.4934789 0.4510871 0.4889059 0.4485294 0.5256732 0.4956294 0.4299629 0.4285085 0.6363681 0.5865261 0.9509797 1.0280884 0.9793859 3.4340987 1.3819633 1.4462277 1.7008434 1.9708737 1.3808158 1.8726114 
AKR1C10a|P02532.3|Rana                                             1.6522876 1.6261988 1.7041661 1.7271056 1.2894403 1.3159527 1.2992154 1.3049246 1.3542444 1.2605001 1.4224224 1.4459380 1.4142115 1.4127241 1.3817853 1.4900796 1.5088118 1.4679707 1.4878349 1.4642018 0.7841859 0.8070529 0.7487763 0.8048385 0.7619307 0.7311271 0.8032464 0.8576463 0.9378577 0.0000000 0.0224606 0.8455116 0.9041712 0.9566754 0.9381772 0.8582668 0.9815582 1.0207391 0.7911459 0.8243739 0.7096498 0.8258561 0.9565914 0.7933157 0.8909057 0.8340903 0.7389997 0.7485543 0.7702274 0.6923985 0.7482467 0.7253065 0.7778407 0.7856121 0.9256498 0.8831041 1.0083446 1.0053782 1.0126699 4.1058832 1.4288790 1.4517523 1.9914473 2.3526599 1.4668111 1.9480803 
AKR1C10b|P17264.2|Rana                                             1.6716330 1.6452388 1.7239121 1.7397536 1.2632825 1.2698124 1.2735777 1.2792225 1.3196123 1.2310838 1.3986297 1.4159619 1.3953624 1.3886681 1.3487605 1.4594302 1.4840539 1.4432458 1.4632030 1.4340938 0.7982177 0.8213116 0.7625307 0.8093555 0.7749419 0.7438733 0.7985512 0.8734627 0.9478846 0.0224606 0.0000000 0.8407569 0.9183845 0.9712804 0.9604387 0.8510431 1.0045802 1.0359692 0.8075735 0.8316760 0.7310187 0.8396391 0.9712034 0.7844624 0.9052011 0.8386865 0.7582329 0.7722042 0.7943869 0.7047351 0.7676028 0.7443037 0.7909034 0.7908980 0.9421596 0.8970897 1.0275105 1.0101991 1.0384432 4.1318631 1.4346562 1.4432138 1.9580058 2.2972826 1.4514416 1.9467359 
AKR1C11|BAA13690.1|Bos                                             1.5615016 1.5636880 1.5498228 1.5035117 1.1976052 1.2165961 1.2706153 1.2941544 1.2306988 1.2143775 1.3593399 1.3174537 1.2695212 1.2510750 1.1933840 1.3477198 1.3305953 1.4317092 1.3447793 1.3311760 0.3155649 0.3259028 0.3228488 0.3454890 0.3683142 0.4335208 0.1668544 0.5558106 0.5110280 0.8455116 0.8407569 0.0000000 0.5838062 0.5646869 0.5430868 0.4296790 0.5247089 0.5552986 0.5033690 0.5165064 0.4187390 0.4857448 0.5644336 0.3311511 0.5734815 0.3671919 0.3888018 0.4342055 0.4315273 0.3955198 0.4047146 0.3893311 0.3663280 0.4601537 0.5946578 0.5728263 0.8111174 0.8079177 0.8204194 3.6054174 1.2727207 1.3378029 1.6495345 1.7624487 1.2201596 1.7254639 
AKR1C12|NP_038805.2|Mus                                            1.6474384 1.6269530 1.6423184 1.6470503 1.3386581 1.2975271 1.3180571 1.3281342 1.3142367 1.2750888 1.4364785 1.3999283 1.3314489 1.4030807 1.2725037 1.4150946 1.3928590 1.5021631 1.4266442 1.3808628 0.5200089 0.5282953 0.5544515 0.5379507 0.5994552 0.5429041 0.5414657 0.5880588 0.6086913 0.9041712 0.9183845 0.5838062 0.0000000 0.0696208 0.6199457 0.6627528 0.1328310 0.1766087 0.5521068 0.3995315 0.6125191 0.6095198 0.0732516 0.5526854 0.1033583 0.5231030 0.5041632 0.4920166 0.5398840 0.5393763 0.5487462 0.5499830 0.5582161 0.5781648 0.1798386 0.1973031 1.0770808 1.1032803 1.1215581 3.6855988 1.3006030 1.3391968 1.6001277 1.8484889 1.3845041 1.7638443 
AKR1C13|NP_038806.2|Mus                                            1.5935517 1.5738502 1.5941397 1.6017024 1.3647881 1.3231581 1.3525294 1.3627841 1.3492146 1.3379194 1.4365250 1.3859442 1.3137186 1.3811353 1.2672743 1.3781613 1.3894509 1.4887878 1.4130598 1.4318746 0.5678433 0.5764703 0.6077115 0.5702569 0.6095621 0.5718474 0.5704588 0.6258336 0.6401245 0.9566754 0.9712804 0.5646869 0.0696208 0.0000000 0.6457157 0.6711909 0.1079278 0.1672182 0.5605902 0.4076226 0.6046824 0.5970672 0.0032139 0.5625238 0.1470749 0.5557648 0.4874127 0.5030130 0.5511256 0.5540071 0.5752708 0.5833428 0.5688610 0.6277563 0.1754909 0.1879896 1.1049144 1.1237051 1.1443351 3.8463743 1.3318044 1.3580747 1.5933927 1.8371878 1.3763512 1.8019613 
AKR1C14|NP_598833.1|Mus                                            1.7470732 1.7446133 1.8075815 1.7787775 1.3364009 1.3756333 1.3770658 1.4054567 1.3944723 1.4091189 1.5579719 1.5443843 1.4534599 1.4472310 1.3677697 1.5916009 1.4722249 1.5750970 1.4997695 1.4571123 0.5095327 0.5192705 0.4726812 0.4912612 0.4492102 0.4188848 0.5340373 0.5204562 0.1490933 0.9381772 0.9604387 0.5430868 0.6199457 0.6457157 0.0000000 0.6746924 0.6085874 0.6249882 0.4819381 0.5377796 0.4588744 0.4864893 0.6454928 0.4671045 0.6467129 0.4952290 0.4764472 0.4519727 0.4897545 0.4308039 0.5204352 0.5014908 0.4459878 0.4410393 0.6365661 0.6076356 0.9537784 1.0396801 1.0141458 3.5345699 1.3711569 1.4378721 1.7534944 1.9375037 1.4251337 1.9743953 
AKR1C15|2008147B|Rattus                                            1.6593600 1.6712482 1.6322588 1.6082540 1.1495864 1.1857249 1.2029831 1.2020047 1.1948390 1.1577333 1.3345994 1.3448691 1.2710979 1.2063597 1.1656838 1.3811822 1.3204940 1.3099085 1.3662768 1.2075284 0.4772126 0.5000338 0.4892314 0.4646422 0.4309176 0.4457252 0.4361112 0.6520930 0.6275078 0.8582668 0.8510431 0.4296790 0.6627528 0.6711909 0.6746924 0.0000000 0.6690054 0.6712540 0.6160109 0.6602732 0.4842199 0.6258027 0.6709776 0.5046722 0.6788880 0.4831375 0.4619901 0.5205529 0.5288431 0.4460375 0.4706149 0.4502361 0.4469878 0.5078128 0.7279688 0.7294293 0.8990688 0.9252548 0.9270873 3.7970110 1.3152989 1.3146234 1.6218870 1.8829687 1.1978701 1.6971739 
AKR1C16|2008147A|Rattus                                            1.6159913 1.5888798 1.6110455 1.5837904 1.3890440 1.3110213 1.3486594 1.3557730 1.3412409 1.3255606 1.3748702 1.3939877 1.3430925 1.3198183 1.2367407 1.3860793 1.3728233 1.4335542 1.3663816 1.3877109 0.5221350 0.5248295 0.5698198 0.5405010 0.5619821 0.5652365 0.5115034 0.6209231 0.5985444 0.9815582 1.0045802 0.5247089 0.1328310 0.1079278 0.6085874 0.6690054 0.0000000 0.0848554 0.5591058 0.4110159 0.5978068 0.6138159 0.1116726 0.5141312 0.1107942 0.5455590 0.4844705 0.4998510 0.5488397 0.5031538 0.5426853 0.5637910 0.5284418 0.5747684 0.1787664 0.1932161 1.1226716 1.1318754 1.1138937 3.6554826 1.3433106 1.3562986 1.6236179 1.8440091 1.3561531 1.8678416 
AKR1C17|2008147C|Rattus                                            1.6721589 1.6467947 1.6616400 1.6338289 1.4635679 1.3779514 1.4134231 1.4207782 1.4197108 1.4176307 1.4388809 1.4774311 1.4138090 1.4223896 1.2879170 1.4952938 1.4069494 1.4980964 1.4056980 1.4617168 0.5213430 0.5102922 0.5633763 0.5662577 0.6005423 0.5510477 0.5418069 0.6291276 0.6290406 1.0207391 1.0359692 0.5552986 0.1766087 0.1672182 0.6249882 0.6712540 0.0848554 0.0000000 0.5742111 0.4607777 0.5708134 0.5879560 0.1711839 0.5364734 0.1418220 0.5595126 0.5107706 0.5179014 0.5672383 0.5386910 0.5725951 0.5901566 0.5526482 0.5909370 0.2313883 0.2234384 1.1885882 1.2000716 1.1790685 3.7932785 1.3933815 1.4142583 1.7069851 1.9018919 1.4836057 1.9571201 
AKR1C18|NP_001333464.1|Mus                                         1.6495239 1.6488866 1.6394121 1.6128569 1.2644861 1.2960213 1.3525144 1.3701354 1.3085697 1.2794663 1.4880009 1.5392359 1.4732533 1.4372983 1.3185015 1.4961561 1.5130716 1.4626090 1.4520232 1.4464694 0.4169253 0.4298060 0.3882795 0.4390779 0.4150717 0.4202302 0.4637237 0.0647156 0.5171371 0.7911459 0.8075735 0.5033690 0.5521068 0.5605902 0.4819381 0.6160109 0.5591058 0.5742111 0.0000000 0.5544322 0.4516192 0.4510408 0.5603134 0.4050208 0.5472861 0.4409832 0.4753033 0.4062922 0.4136000 0.4095670 0.4498712 0.4107727 0.3978906 0.4239425 0.5642500 0.5408909 0.8906559 0.9562734 0.9397142 3.5400566 1.3144061 1.4147238 1.4883517 1.8737576 1.3264956 1.8399893 
AKR1C19|NP_001013807.2|Mus                                         1.6272813 1.6082308 1.5942077 1.5676937 1.2499604 1.2796926 1.3051291 1.3102319 1.2681546 1.2922865 1.4007272 1.3728558 1.3923401 1.2916798 1.1936094 1.3662429 1.3858415 1.4584650 1.4148242 1.4076976 0.4277933 0.4296720 0.4438039 0.4762301 0.4295465 0.4705642 0.5429298 0.5625448 0.5644585 0.8243739 0.8316760 0.5165064 0.3995315 0.4076226 0.5377796 0.6602732 0.4110159 0.4607777 0.5544322 0.0000000 0.4859761 0.5175676 0.4087213 0.4747755 0.4218360 0.4726321 0.4257606 0.4590958 0.5007732 0.3920072 0.5015002 0.5030873 0.4176005 0.4924036 0.4477640 0.4362527 0.9999995 0.9819595 1.0570814 3.3432662 1.2955854 1.2925276 1.5456223 1.8829174 1.2742801 1.6896657 
AKR1C20|NP_473421.1|Mus                                            1.5246779 1.4835076 1.5405904 1.5200829 1.1491941 1.2197850 1.1636622 1.1824523 1.1158036 1.1744864 1.3555673 1.3610326 1.2705007 1.2091531 1.1837657 1.3729372 1.3607417 1.3095983 1.3482241 1.2533244 0.3723051 0.3800191 0.3566582 0.4074109 0.3254721 0.1406097 0.4385300 0.4936159 0.4794972 0.7096498 0.7310187 0.4187390 0.6125191 0.6046824 0.4588744 0.4842199 0.5978068 0.5708134 0.4516192 0.4859761 0.0000000 0.4185209 0.6007629 0.3577929 0.6221039 0.4105902 0.3419916 0.3701674 0.3902663 0.3128515 0.4256497 0.3805606 0.3328550 0.3773475 0.6136771 0.5901015 0.8617676 0.8468625 0.8940629 4.0131341 1.2034103 1.2403175 1.6782539 1.9325779 1.1338841 1.9570065 
AKR1C21|NP_084177.2|Mus                                            1.6383562 1.6237290 1.6421589 1.6037305 1.3225617 1.3560969 1.4074355 1.4284248 1.3510945 1.3313416 1.5583412 1.5242600 1.4443455 1.4885838 1.2823780 1.5407081 1.4587329 1.5443166 1.4968163 1.4983620 0.4083648 0.4040452 0.4358893 0.4332831 0.4120259 0.3511519 0.5021281 0.5195166 0.5293893 0.8258561 0.8396391 0.4857448 0.6095198 0.5970672 0.4864893 0.6258027 0.6138159 0.5879560 0.4510408 0.5175676 0.4185209 0.0000000 0.5968257 0.4257884 0.6010635 0.4468869 0.4548500 0.4652908 0.4717189 0.4411456 0.4682517 0.4595707 0.3988060 0.4976680 0.6028512 0.5904137 0.8974004 0.9059327 0.9807669 3.5976369 1.4233972 1.3731146 1.8273205 2.0516675 1.4585608 2.1442210 
AKR1C22|BAD02825.1|Mus                                             1.5837584 1.5641494 1.5843385 1.5918368 1.3736382 1.3318778 1.3614049 1.3716936 1.3580194 1.3466455 1.4456364 1.3948321 1.3223264 1.3900283 1.2588858 1.3870506 1.3983123 1.4981277 1.4221126 1.4409966 0.5675910 0.5762215 0.6074768 0.5700066 0.6093265 0.5715960 0.5702070 0.6256067 0.6398982 0.9565914 0.9712034 0.5644336 0.0732516 0.0032139 0.6454928 0.6709776 0.1116726 0.1711839 0.5603134 0.4087213 0.6007629 0.5968257 0.0000000 0.5594814 0.1509000 0.5555084 0.4845713 0.5027331 0.5508636 0.5537478 0.5750204 0.5830955 0.5686082 0.6275266 0.1794529 0.1919914 1.1048981 1.1236975 1.1443371 3.8543659 1.3227370 1.3672398 1.6033300 1.8484734 1.3852798 1.8126509 
AKR1C23|AAY16444.1|Equus                                           1.5581262 1.5577492 1.5837255 1.5258594 1.2060650 1.1824947 1.2160555 1.2396187 1.2301230 1.1918392 1.3710074 1.2925929 1.2646700 1.2974065 1.1985503 1.3323599 1.3529106 1.3574640 1.3761925 1.3181351 0.2493322 0.2682425 0.3092872 0.2874325 0.2822116 0.3235707 0.3505455 0.4376726 0.4837079 0.7933157 0.7844624 0.3311511 0.5526854 0.5625238 0.4671045 0.5046722 0.5141312 0.5364734 0.4050208 0.4747755 0.3577929 0.4257884 0.5594814 0.0000000 0.5270466 0.2846316 0.3378999 0.3480855 0.3473015 0.2831080 0.3002749 0.3109241 0.2730688 0.3505138 0.5465887 0.4931688 0.8166498 0.8258514 0.8638827 3.2152314 1.2561344 1.2345247 1.6386697 1.9151267 1.2892213 1.8782818 
AKR1C24|BAE75957.1|Rattus                                          1.7106075 1.6824281 1.6983652 1.7010892 1.3693836 1.3043042 1.3077636 1.3196900 1.3462366 1.3117735 1.4334542 1.4211976 1.3643996 1.3652519 1.2865853 1.4286039 1.3944767 1.4695360 1.4254972 1.3904156 0.5053619 0.5135236 0.5440472 0.5428941 0.5726319 0.5439259 0.5439722 0.5986281 0.6371459 0.8909057 0.9052011 0.5734815 0.1033583 0.1470749 0.6467129 0.6788880 0.1107942 0.1418220 0.5472861 0.4218360 0.6221039 0.6010635 0.1509000 0.5270466 0.0000000 0.5411231 0.5070997 0.4998649 0.5481980 0.5355838 0.5338102 0.5412357 0.5557745 0.5846858 0.1992541 0.2114871 1.1343765 1.1499167 1.1447316 3.4656919 1.3568942 1.3549969 1.5843584 1.8098713 1.4030495 1.8548335 
AKR1C25|BAB63209.2|Macaca                                          1.5280293 1.5324587 1.5184185 1.4672420 1.2141065 1.2581862 1.2850223 1.3117546 1.2820780 1.2151424 1.3504751 1.3157111 1.2718807 1.3100787 1.2067173 1.3346434 1.3540902 1.4152508 1.3823276 1.3186463 0.2202093 0.2433542 0.2084297 0.0673294 0.2851128 0.3281658 0.4053740 0.4942370 0.4753909 0.8340903 0.8386865 0.3671919 0.5231030 0.5557648 0.4952290 0.4831375 0.5455590 0.5595126 0.4409832 0.4726321 0.4105902 0.4468869 0.5555084 0.2846316 0.5411231 0.0000000 0.3562699 0.3268606 0.3437767 0.3175833 0.3219460 0.3083975 0.2565337 0.3544484 0.5593350 0.5113463 0.8625413 0.8502648 0.8874927 3.4909602 1.2404429 1.2641755 1.6457877 1.8254608 1.2468926 1.8173421 
AKR1C26|BAM37087.1|Oryctolagus                                     1.5305344 1.5567921 1.5535727 1.5559065 1.1124764 1.1804676 1.2004341 1.2308890 1.2064517 1.1744344 1.3649228 1.3238635 1.2661713 1.2448397 1.1704395 1.3508876 1.3262999 1.3715750 1.3280878 1.2978663 0.3637434 0.3655782 0.3539686 0.3445764 0.2588158 0.3437650 0.3907845 0.5115436 0.4934789 0.7389997 0.7582329 0.3888018 0.5041632 0.4874127 0.4764472 0.4619901 0.4844705 0.5107706 0.4753033 0.4257606 0.3419916 0.4548500 0.4845713 0.3378999 0.5070997 0.3562699 0.0000000 0.1436313 0.1552521 0.2699397 0.2848505 0.2847511 0.2300599 0.3766269 0.4812901 0.5049488 0.8746572 0.9189724 0.9354578 3.7338925 1.2168389 1.2696738 1.5448217 1.7446631 1.2450175 1.8409187 
AKR1C27|BAM37088.1|Oryctolagus                                     1.5172371 1.5183060 1.5151189 1.5179763 1.1406659 1.2206018 1.2762686 1.3083252 1.2538076 1.2215246 1.3820932 1.3106736 1.2629597 1.3087733 1.2151697 1.3428576 1.3327559 1.4032839 1.4060552 1.2926121 0.3339251 0.3418809 0.3395197 0.3421443 0.2672655 0.3416208 0.4018504 0.4714326 0.4510871 0.7485543 0.7722042 0.4342055 0.4920166 0.5030130 0.4519727 0.5205529 0.4998510 0.5179014 0.4062922 0.4590958 0.3701674 0.4652908 0.5027331 0.3480855 0.4998649 0.3268606 0.1436313 0.0000000 0.0502098 0.2333667 0.2601902 0.2492700 0.2377098 0.3577334 0.4790415 0.4692507 0.8685411 0.9075360 0.9085490 3.8077857 1.2512998 1.3056437 1.5946683 1.7117833 1.2748882 1.8543305 
AKR1C28|BAM37089.1|Oryctolagus                                     1.5655732 1.5611845 1.5504420 1.5527662 1.1791862 1.2566442 1.3008675 1.3333916 1.2852452 1.2586541 1.4058641 1.3452247 1.2964984 1.3336964 1.2548200 1.3788029 1.3557775 1.4275157 1.4504936 1.3438472 0.3238737 0.3427872 0.3347596 0.3535197 0.2720890 0.3491315 0.4020767 0.4723311 0.4889059 0.7702274 0.7943869 0.4315273 0.5398840 0.5511256 0.4897545 0.5288431 0.5488397 0.5672383 0.4136000 0.5007732 0.3902663 0.4717189 0.5508636 0.3473015 0.5481980 0.3437767 0.1552521 0.0502098 0.0000000 0.2335374 0.2655951 0.2582972 0.2423162 0.3604962 0.5187627 0.4945157 0.8715832 0.8999027 0.9102597 3.9564352 1.2455428 1.2956035 1.5983289 1.8050918 1.3157889 1.8503169 
AKR1C29|BAN20006.1|Oryctolagus                                     1.4996589 1.4804845 1.4836422 1.4670412 1.0588000 1.0927379 1.1051651 1.1099882 1.1000339 1.0769507 1.2438360 1.2722014 1.1838894 1.1503862 1.0655519 1.2867406 1.2370070 1.2688984 1.2288920 1.1704388 0.2778217 0.2927259 0.2926898 0.3276498 0.1908676 0.3115815 0.3852260 0.4578658 0.4485294 0.6923985 0.7047351 0.3955198 0.5393763 0.5540071 0.4308039 0.4460375 0.5031538 0.5386910 0.4095670 0.3920072 0.3128515 0.4411456 0.5537478 0.2831080 0.5355838 0.3175833 0.2699397 0.2333667 0.2335374 0.0000000 0.1953059 0.1815458 0.1881651 0.3056242 0.5575727 0.5093285 0.7548854 0.7724825 0.7869197 3.6701181 1.1543721 1.1949212 1.4649934 1.8612769 1.2188687 1.7069899 
AKR1C30|BAN84250.1|Oryctolagus                                     1.5062938 1.5171109 1.4906314 1.5006598 1.1386503 1.1753630 1.1635284 1.1776461 1.1843715 1.1682418 1.3217504 1.3524199 1.2558894 1.2821793 1.2583485 1.3611177 1.2948880 1.3888529 1.3241882 1.3058330 0.3165440 0.3348617 0.3387587 0.3342671 0.2312850 0.3407392 0.3727884 0.5142517 0.5256732 0.7482467 0.7676028 0.4047146 0.5487462 0.5752708 0.5204352 0.4706149 0.5426853 0.5725951 0.4498712 0.5015002 0.4256497 0.4682517 0.5750204 0.3002749 0.5338102 0.3219460 0.2848505 0.2601902 0.2655951 0.1953059 0.0000000 0.0713589 0.1958762 0.3770520 0.5522391 0.5167364 0.8102025 0.7794220 0.8491969 3.5461184 1.2656272 1.2873014 1.4950108 1.8583865 1.2793574 1.8739255 
AKR1C31|BAN84251.1|Oryctolagus                                     1.5166404 1.5241480 1.5232517 1.5334459 1.1131977 1.1660370 1.1677075 1.1817791 1.1429044 1.1199295 1.3488979 1.3401330 1.2514863 1.2358485 1.2068849 1.3551909 1.2649663 1.3215543 1.3079236 1.2313359 0.3175752 0.3438320 0.3261883 0.3142691 0.2348152 0.3166734 0.3563689 0.4683414 0.4956294 0.7253065 0.7443037 0.3893311 0.5499830 0.5833428 0.5014908 0.4502361 0.5637910 0.5901566 0.4107727 0.5030873 0.3805606 0.4595707 0.5830955 0.3109241 0.5412357 0.3083975 0.2847511 0.2492700 0.2582972 0.1815458 0.0713589 0.0000000 0.1973190 0.3538340 0.5600010 0.5321763 0.7764659 0.7755948 0.8099999 3.4833099 1.2224928 1.2688748 1.5173159 1.7640289 1.2478026 1.7303178 
AKR1C32|BAN84252.1|Oryctolagus                                     1.4859595 1.4879060 1.4839035 1.4726388 1.1379284 1.1990776 1.2413198 1.2641150 1.1954691 1.1823128 1.3563051 1.3428491 1.2770938 1.2368756 1.1693690 1.3699080 1.3461328 1.3589032 1.3351301 1.2607718 0.2389018 0.2626308 0.2753561 0.2676936 0.1011225 0.2727384 0.3601373 0.4569539 0.4299629 0.7778407 0.7909034 0.3663280 0.5582161 0.5688610 0.4459878 0.4469878 0.5284418 0.5526482 0.3978906 0.4176005 0.3328550 0.3988060 0.5686082 0.2730688 0.5557745 0.2565337 0.2300599 0.2377098 0.2423162 0.1881651 0.1958762 0.1973190 0.0000000 0.3010071 0.5551495 0.5347080 0.7691911 0.8054638 0.8213102 3.6751679 1.2241149 1.2492045 1.5670179 1.7706535 1.2202610 1.9841689 
AKR1C33|BAN84253.1|Oryctolagus                                     1.5317637 1.4940472 1.5651155 1.5090384 1.1982539 1.2400959 1.2239490 1.2516069 1.2592700 1.2477272 1.4183978 1.3795771 1.3163163 1.3070420 1.2214058 1.4136226 1.3725473 1.3959854 1.4109432 1.3004732 0.3219010 0.3484097 0.3390406 0.3475212 0.3079206 0.3296880 0.4206801 0.4618182 0.4285085 0.7856121 0.7908980 0.4601537 0.5781648 0.6277563 0.4410393 0.5078128 0.5747684 0.5909370 0.4239425 0.4924036 0.3773475 0.4976680 0.6275266 0.3505138 0.5846858 0.3544484 0.3766269 0.3577334 0.3604962 0.3056242 0.3770520 0.3538340 0.3010071 0.0000000 0.6083394 0.5896441 0.8040542 0.8827344 0.8506222 3.5646988 1.2302308 1.2920518 1.5814322 1.8874916 1.3556220 1.9027231 
