6
AKR13A1|Q09923.1|Schizosaccharomyces       0.0000000 2.2889447 2.1151920 1.6200177 1.4581500 1.3875126 
AKR13B1|AAF84538.1|Xylella                 2.2889447 0.0000000 2.2565498 1.5148058 1.9574590 2.1295106 
AKR13C1|O25804|Helicobacter                2.1151920 2.2565498 0.0000000 1.0781703 1.7243458 1.6650916 
AKR13C2|AAD36088.1|Thermotoga              1.6200177 1.5148058 1.0781703 0.0000000 1.4927574 1.3443579 
AKR13D1|AAX11684.1|Rauvolfia               1.4581500 1.9574590 1.7243458 1.4927574 0.0000000 0.5315533 
AKR13D2|Gh_A08G1908|NBI-AD1_v1.1|Gossypium 1.3875126 2.1295106 1.6650916 1.3443579 0.5315533 0.0000000 
