65
AKR1A1|NP_006057.1|Homo                                            0.0000000 0.0653651 0.0686018 0.0752687 1.3092718 1.3036658 1.3110916 1.3147159 1.3889121 1.2664513 1.4322778 1.3808603 1.4451095 1.4089866 1.5194886 1.4134478 1.4640997 1.5373795 1.5119460 1.3811322 1.7418781 1.7418238 1.8992805 1.7849495 1.8488013 1.9103078 1.8714591 2.0014755 2.0249845 1.9534845 1.9773087 1.8146025 1.9340282 1.8839933 2.0182927 1.9601269 1.9110934 1.9553976 1.9506944 1.9300794 1.8219951 1.9652516 1.8736952 1.8453725 2.0048255 1.8118313 1.8423341 1.8289151 1.8726554 1.7854612 1.8196729 1.8358107 1.7628775 1.7978636 1.8683638 1.9384410 1.7668713 1.6781973 1.8074918 5.6908416 1.5319810 1.6762423 2.1222632 1.2812176 1.7863757 
AKR1A2|P50578.3|Sus                                                0.0653651 0.0000000 0.0838308 0.0978708 1.3104984 1.2826240 1.3056646 1.3092634 1.3561580 1.2561529 1.4080976 1.3893398 1.4270475 1.3608467 1.5123663 1.4111176 1.4414602 1.5229620 1.4887900 1.3650261 1.7067495 1.7192530 1.8508758 1.7686747 1.8274940 1.8280053 1.8413706 1.9746617 1.9900301 1.9097060 1.9330942 1.8109217 1.8850656 1.8366050 1.9885378 1.9504619 1.8528995 1.8986069 1.9204910 1.8848635 1.7448988 1.9220382 1.8265042 1.8105395 1.9443881 1.7768143 1.8480248 1.7905626 1.8379541 1.7298119 1.7966043 1.8112456 1.7289835 1.7273312 1.8792788 1.9004407 1.7106279 1.6346029 1.7761776 5.5427378 1.5093780 1.6615922 2.1069106 1.2520235 1.7793603 
AKR1A3|P51635.2|Rattus                                             0.0686018 0.0838308 0.0000000 0.0293128 1.3116134 1.2764337 1.3412906 1.3396771 1.3689316 1.2617213 1.3983593 1.3685499 1.4258814 1.3764398 1.5632605 1.3831199 1.4090418 1.5390109 1.4826359 1.3695634 1.7435168 1.7446893 1.8939246 1.7701354 1.8280546 1.9034247 1.8427823 1.9812387 2.0572165 2.0018741 2.0262602 1.7990475 1.9322632 1.8861320 2.0752920 1.9164780 1.9056261 1.9476611 1.9230396 1.8966571 1.8123012 1.9463493 1.8757850 1.8597632 1.9943291 1.7860057 1.8784297 1.8167069 1.8501986 1.7531046 1.7950359 1.8329247 1.7602477 1.8202779 1.8659358 1.9196347 1.7974303 1.6725099 1.8292675 6.0198628 1.4864824 1.6265622 2.0541170 1.2414771 1.7518674 
AKR1A4|NP_067448.1|Mus                                             0.0752687 0.0978708 0.0293128 0.0000000 1.3463520 1.2838616 1.3454162 1.3466790 1.3825996 1.2822856 1.3953055 1.3441552 1.4048156 1.3844350 1.5183666 1.3584762 1.3842492 1.5221541 1.4565718 1.3451860 1.6822487 1.6832348 1.8339239 1.7136473 1.8111235 1.8597412 1.8272537 1.9552379 2.0016883 2.0298326 2.0479290 1.7541565 1.9279236 1.8856779 2.0345277 1.8925346 1.8677922 1.9092729 1.8952955 1.8597580 1.7887322 1.9040144 1.8752949 1.8023502 1.9882626 1.7308321 1.8825087 1.8227096 1.8542196 1.7388420 1.8084406 1.8465221 1.7506050 1.7565272 1.8535391 1.9165724 1.7728095 1.6844513 1.8033277 5.9714707 1.4924407 1.6300205 2.0212652 1.2847008 1.7123080 
AKR1B1|NP_001619.1|Homo                                            1.3092718 1.3104984 1.3116134 1.3463520 0.0000000 0.1303756 0.1784419 0.1776125 0.1718537 0.1654614 0.4831820 0.5081472 0.4786907 0.4853580 0.5854591 0.4742406 0.5401932 0.5700001 0.5129310 0.4552501 1.3885668 1.3702569 1.4069921 1.3976875 1.2697993 1.3639379 1.3424725 1.4870999 1.5729300 1.4866742 1.4616325 1.3950223 1.5661327 1.5844711 1.5209462 1.3472684 1.6125242 1.6849845 1.4387685 1.4505819 1.3373423 1.5214657 1.5946309 1.3991445 1.5883455 1.4224496 1.2955469 1.3130384 1.3588392 1.2541150 1.3216573 1.3089589 1.3460599 1.3768565 1.6441018 1.6496248 1.2854909 1.1909786 1.3839756 5.5529451 0.8045084 0.8493573 1.9026910 0.8872679 1.9715605 
AKR1B2|P15122.3|Oryctolagus|cuniculus|Animalia|Mammalia|Lagomorpha 1.3036658 1.2826240 1.2764337 1.2838616 0.1303756 0.0000000 0.1407326 0.1445225 0.1688472 0.1765208 0.4986733 0.4927636 0.4785728 0.4654267 0.5909823 0.4685635 0.5326019 0.5350504 0.4898324 0.4641132 1.4166040 1.3979838 1.4570582 1.4601234 1.3265490 1.4265404 1.3969094 1.5114435 1.6009458 1.5264650 1.4749941 1.4346744 1.5295244 1.5476277 1.5771713 1.3976854 1.5512047 1.6192737 1.4788582 1.5076943 1.4372225 1.5703662 1.5576740 1.3821534 1.5351952 1.4731231 1.3953580 1.4021231 1.4453705 1.3011709 1.3735008 1.3724955 1.4189454 1.4397362 1.5930184 1.5347085 1.4133811 1.2600582 1.4357523 5.6240044 0.7402349 0.8160986 1.8383514 0.8839360 1.8729083 
AKR1B3|P45376.3|Mus                                                1.3110916 1.3056646 1.3412906 1.3454162 0.1784419 0.1407326 0.0000000 0.0332134 0.2161024 0.2147452 0.5544675 0.5637547 0.5378390 0.5160746 0.5957687 0.5438239 0.6032153 0.5846849 0.5525066 0.5314778 1.5062482 1.4972374 1.5238597 1.4668023 1.3912024 1.4051916 1.4734777 1.5761118 1.6088978 1.5250876 1.4971227 1.5058416 1.5633618 1.5921554 1.5920605 1.4378329 1.6027826 1.6725867 1.5572211 1.5407591 1.3931655 1.6528468 1.6024603 1.4331532 1.5406403 1.5267281 1.4348523 1.4946786 1.5292849 1.3409704 1.3850808 1.3956313 1.5009929 1.4387732 1.6399635 1.6139068 1.4643765 1.3700031 1.5623941 5.1977334 0.8122971 0.9037077 1.9244922 0.8625106 2.0203506 
AKR1B4|NP_036630.1|Rattus                                          1.3147159 1.3092634 1.3396771 1.3466790 0.1776125 0.1445225 0.0332134 0.0000000 0.2128000 0.2178008 0.5505920 0.5513993 0.5111878 0.4974018 0.5746804 0.5308527 0.5935177 0.5645196 0.5432984 0.5260737 1.5274076 1.5183461 1.5425574 1.4868874 1.4106039 1.4236670 1.4994329 1.5942613 1.6304199 1.5194995 1.4915892 1.5250134 1.5647034 1.5934653 1.6123823 1.4366498 1.6013123 1.6709903 1.5794034 1.5330904 1.4105248 1.6735556 1.6037576 1.4542578 1.5585659 1.5485381 1.4577312 1.5183446 1.5534732 1.3398658 1.3912670 1.4018490 1.5199599 1.4587239 1.6488394 1.6174707 1.4301931 1.3399991 1.5264696 5.3388905 0.8044349 0.8955906 1.8799004 0.8646764 1.9717362 
AKR1B5|P16116.2|Bos                                                1.3889121 1.3561580 1.3689316 1.3825996 0.1718537 0.1688472 0.2161024 0.2128000 0.0000000 0.1280183 0.5667605 0.5753549 0.5526123 0.4990708 0.6398050 0.5519372 0.5991238 0.5818836 0.5503896 0.5071451 1.4421483 1.4232916 1.4428580 1.4821141 1.3356514 1.3717208 1.4346095 1.4931917 1.6206631 1.5925859 1.5563197 1.4415985 1.5412714 1.5786594 1.5898356 1.4072199 1.5812023 1.6557316 1.4560593 1.4904422 1.3152070 1.5662296 1.5888029 1.4366893 1.5760657 1.4926813 1.4148847 1.4354099 1.4705074 1.3021405 1.3725852 1.3356936 1.4144081 1.4390499 1.6733325 1.6309591 1.3792590 1.2397666 1.4663911 5.8747772 0.8465905 0.9285938 2.0363491 0.8958225 2.0267634 
AKR1B6|P80276.2|Sus                                                1.2664513 1.2561529 1.2617213 1.2822856 0.1654614 0.1765208 0.2147452 0.2178008 0.1280183 0.0000000 0.5574939 0.5736788 0.5523941 0.5000656 0.6614267 0.5565674 0.6260202 0.5915970 0.5802521 0.5347282 1.4061824 1.3875504 1.4276720 1.4070883 1.3197378 1.3965357 1.4139438 1.4709581 1.6397130 1.4749779 1.4422106 1.4236769 1.5001117 1.5610501 1.5913205 1.3635235 1.5609362 1.6560038 1.4597234 1.5003118 1.3916778 1.5412477 1.5711219 1.3796629 1.5354031 1.4149909 1.3808632 1.4073632 1.4490146 1.2805144 1.3593515 1.3143136 1.3986785 1.4170506 1.5824328 1.5405716 1.3821003 1.2834831 1.4870605 5.7345837 0.8245086 0.9284789 2.0260084 0.9461900 1.9305352 
AKR1B7|P21300.4|Mus                                                1.4322778 1.4080976 1.3983593 1.3953055 0.4831820 0.4986733 0.5544675 0.5505920 0.5667605 0.5574939 0.0000000 0.2432837 0.2878338 0.2827568 0.5951974 0.2488633 0.1580847 0.3440121 0.1815444 0.2982262 1.6172273 1.5765909 1.6139559 1.5462237 1.5427016 1.6645330 1.5486259 1.7071821 1.7478034 1.6625581 1.6288879 1.6188887 1.7356955 1.7334523 1.8295002 1.5958251 1.6727799 1.7401011 1.7266696 1.6885035 1.6238444 1.8594643 1.7442467 1.6279885 1.7205737 1.6176357 1.6487558 1.6484637 1.6788307 1.4874598 1.5923967 1.6214523 1.6508786 1.6748998 1.7533282 1.6601971 1.4268192 1.4758016 1.4769773 5.7215312 0.8368533 0.8961974 2.1497288 1.0163858 2.0697186 
AKR1B8|NP_032038.1|Mus                                             1.3808603 1.3893398 1.3685499 1.3441552 0.5081472 0.4927636 0.5637547 0.5513993 0.5753549 0.5736788 0.2432837 0.0000000 0.0896875 0.2506098 0.5795546 0.0630553 0.2306322 0.2959986 0.2260017 0.2091746 1.5466258 1.5096818 1.6352869 1.5568432 1.5108499 1.7102932 1.5864300 1.7622608 1.7907614 1.6736787 1.6373301 1.5756891 1.6664636 1.6309565 1.7877258 1.5946434 1.6711751 1.7606571 1.7788430 1.6190766 1.6033222 1.7988414 1.6412758 1.5359837 1.6853230 1.5867568 1.5707245 1.5528327 1.5886573 1.5231873 1.6117885 1.6211689 1.6315425 1.6251537 1.7206789 1.6159371 1.4728417 1.4527419 1.5356217 5.5137209 0.8628765 0.9055616 2.0328785 0.9887287 2.0304271 
AKR1B9|AAC53199.1|Cricetulus                                       1.4451095 1.4270475 1.4258814 1.4048156 0.4786907 0.4785728 0.5378390 0.5111878 0.5526123 0.5523941 0.2878338 0.0896875 0.0000000 0.2344159 0.5902611 0.1026169 0.2757887 0.2740362 0.2766429 0.1941599 1.4688018 1.4330605 1.5315195 1.4634275 1.4891402 1.6367217 1.5037299 1.6533545 1.6897319 1.6314790 1.6127411 1.5086002 1.5763043 1.5402962 1.6724002 1.5031362 1.5935218 1.6678354 1.6906890 1.6281890 1.4965896 1.6821276 1.5502114 1.4996478 1.6048045 1.5139212 1.5038272 1.4897617 1.5245041 1.4279275 1.5026648 1.5117770 1.5547079 1.5394898 1.6397324 1.5562510 1.3595251 1.3858494 1.4392390 5.2090311 0.9019675 0.9447979 1.9253915 0.9981434 1.9573534 
AKR1B10|NP_064695.3|Homo                                           1.4089866 1.3608467 1.3764398 1.3844350 0.4853580 0.4654267 0.5160746 0.4974018 0.4990708 0.5000656 0.2827568 0.2506098 0.2344159 0.0000000 0.5628713 0.2562084 0.3291409 0.0965114 0.2517315 0.1929674 1.4953684 1.4548002 1.5110112 1.4852909 1.4056090 1.5233192 1.4959078 1.6289119 1.6469996 1.6312579 1.6076185 1.4781184 1.6500683 1.6229890 1.6565144 1.4330893 1.5689234 1.6798699 1.6514581 1.5245317 1.4315762 1.7434033 1.6333276 1.5221021 1.6024118 1.5377528 1.4660030 1.5264985 1.5540242 1.3617279 1.5199960 1.4657294 1.4788400 1.5061872 1.6663668 1.6133691 1.3369432 1.3018142 1.3646492 5.8478674 0.9104742 0.9521422 2.1161694 0.9240203 2.0781384 
AKR1B12|CAC40811.1|Gallus                                          1.5194886 1.5123663 1.5632605 1.5183666 0.5854591 0.5909823 0.5957687 0.5746804 0.6398050 0.6614267 0.5951974 0.5795546 0.5902611 0.5628713 0.0000000 0.5933760 0.6466577 0.6354632 0.6318946 0.6587279 1.3615795 1.3432545 1.3809978 1.3258704 1.3125719 1.3799160 1.4517816 1.4850549 1.6431600 1.5886156 1.5559280 1.3879326 1.4943797 1.4943310 1.5492921 1.3860704 1.4590153 1.5165925 1.5327941 1.3794443 1.4032000 1.5047677 1.4856661 1.3731059 1.4967350 1.3938896 1.3705134 1.4256000 1.4655409 1.2506712 1.4869379 1.4323844 1.3831374 1.3981667 1.5475122 1.5472063 1.4211125 1.3760523 1.5144487 5.6474142 0.8522075 0.7823244 1.9037985 1.0586872 1.8837436 
AKR1B13|CAC80649.1|Rattus                                          1.4134478 1.4111176 1.3831199 1.3584762 0.4742406 0.4685635 0.5438239 0.5308527 0.5519372 0.5565674 0.2488633 0.0630553 0.1026169 0.2562084 0.5933760 0.0000000 0.2424152 0.2818256 0.2285611 0.2279802 1.5731848 1.5357149 1.6519806 1.5725497 1.5538437 1.7268456 1.6156262 1.6958830 1.8238048 1.7148576 1.6777692 1.6045833 1.6822540 1.6266953 1.8465645 1.6367571 1.6669061 1.7825267 1.7280326 1.6196504 1.6120140 1.8055621 1.6370251 1.5817687 1.6903568 1.6028194 1.6082176 1.5835411 1.6237835 1.5377745 1.6173623 1.6336868 1.6670927 1.6569152 1.7045851 1.6334300 1.4499254 1.4496267 1.5124251 5.3829893 0.8910085 0.9170253 2.0845430 1.0030889 2.0567252 
AKR1B14|NP_446233.2|Rattus                                         1.4640997 1.4414602 1.4090418 1.3842492 0.5401932 0.5326019 0.6032153 0.5935177 0.5991238 0.6260202 0.1580847 0.2306322 0.2757887 0.3291409 0.6466577 0.2424152 0.0000000 0.3612429 0.1507921 0.2866979 1.5820664 1.5380836 1.6466672 1.5858923 1.5437270 1.6099495 1.5446740 1.7504782 1.7122502 1.7512612 1.7163693 1.6035878 1.6682555 1.6560974 1.7409115 1.5715199 1.6583306 1.6934758 1.7462211 1.6607688 1.6409878 1.7351320 1.6664670 1.6166691 1.6669255 1.6460958 1.5915679 1.5902272 1.6151216 1.4834896 1.5638451 1.5382488 1.6349813 1.6339431 1.6936637 1.6587972 1.4784794 1.4634302 1.5517525 5.3544119 0.8940946 0.9139154 2.1898861 1.0463459 2.1754547 
AKR1B15|EAL24068.1|Homo                                            1.5373795 1.5229620 1.5390109 1.5221541 0.5700001 0.5350504 0.5846849 0.5645196 0.5818836 0.5915970 0.3440121 0.2959986 0.2740362 0.0965114 0.6354632 0.2818256 0.3612429 0.0000000 0.2952244 0.2625303 1.5717468 1.5506407 1.6037505 1.5970106 1.5485703 1.5791811 1.5821289 1.6758117 1.6876080 1.6919670 1.6676283 1.6735360 1.7724184 1.7427785 1.8190596 1.5472404 1.7039462 1.7698021 1.6960856 1.7259321 1.5285434 1.7962840 1.7537035 1.5760092 1.7295085 1.6524590 1.6301530 1.6534266 1.6715686 1.4945326 1.6421410 1.5644098 1.6187871 1.6222432 1.7717142 1.7021742 1.4530648 1.4189162 1.4967047 6.0387900 1.0142981 1.0065084 2.2053434 1.0529302 2.1660191 
AKR1B18|NP_001013102.1|Rattus                                      1.5119460 1.4887900 1.4826359 1.4565718 0.5129310 0.4898324 0.5525066 0.5432984 0.5503896 0.5802521 0.1815444 0.2260017 0.2766429 0.2517315 0.6318946 0.2285611 0.1507921 0.2952244 0.0000000 0.2891193 1.6053686 1.5628782 1.6105388 1.6020211 1.5259574 1.6090160 1.5669422 1.7150610 1.7056955 1.7223399 1.6877722 1.6022647 1.7016908 1.6863133 1.7656289 1.6358383 1.6476349 1.6880989 1.6963591 1.6865794 1.5966353 1.7707217 1.6968861 1.6413659 1.6962102 1.6629515 1.5965722 1.6669262 1.7105697 1.4653413 1.5798070 1.5682406 1.6220385 1.6653681 1.7857012 1.7022490 1.4765240 1.4832940 1.5288520 5.6435797 0.8746226 0.9003090 2.0970959 1.0562956 2.1403821 
AKR1B19|NP_001254517.1|Oryctolagus                                 1.3811322 1.3650261 1.3695634 1.3451860 0.4552501 0.4641132 0.5314778 0.5260737 0.5071451 0.5347282 0.2982262 0.2091746 0.1941599 0.1929674 0.6587279 0.2279802 0.2866979 0.2625303 0.2891193 0.0000000 1.5048369 1.4778356 1.5961476 1.5425400 1.4560778 1.6354592 1.5374360 1.6994431 1.6845974 1.6744192 1.6381439 1.5780567 1.6158528 1.6631306 1.7089785 1.4058079 1.6392403 1.7210336 1.6732406 1.6647247 1.4853358 1.7593969 1.6736998 1.5673974 1.6267768 1.5738537 1.5394403 1.5181687 1.5770153 1.4012448 1.5629893 1.4655003 1.5270747 1.5335055 1.6781787 1.6686297 1.3559531 1.3703382 1.4283715 5.4742031 0.9642411 1.0342828 1.8772036 0.9091209 2.0768999 
AKR1C1|NP_001344.2|Homo                                            1.7418781 1.7067495 1.7435168 1.6822487 1.3885668 1.4166040 1.5062482 1.5274076 1.4421483 1.4061824 1.6172273 1.5466258 1.4688018 1.4953684 1.3615795 1.5731848 1.5820664 1.5717468 1.6053686 1.5048369 0.0000000 0.0230500 0.1497610 0.2284263 0.2788181 0.3463972 0.3384683 0.5036606 0.5271832 0.8702228 0.8827719 0.3402853 0.5621761 0.6097030 0.5385668 0.5058051 0.5569592 0.5676631 0.4408008 0.4601324 0.4013908 0.4367027 0.6088866 0.2553885 0.5469374 0.2274443 0.3803118 0.3598199 0.3514381 0.2933312 0.3265557 0.3315316 0.2509410 0.3278264 0.6005009 0.5550005 0.9294023 0.9014979 0.9464926 4.3749208 1.4648548 1.4912570 2.1145059 1.4145593 2.1321396 
AKR1C2|NP_001345.1|Homo                                            1.7418238 1.7192530 1.7446893 1.6832348 1.3702569 1.3979838 1.4972374 1.5183461 1.4232916 1.3875504 1.5765909 1.5096818 1.4330605 1.4548002 1.3432545 1.5357149 1.5380836 1.5506407 1.5628782 1.4778356 0.0230500 0.0000000 0.1632296 0.2479741 0.3002399 0.3689874 0.3607925 0.5244591 0.5430154 0.8893874 0.9020762 0.3529473 0.5687151 0.6165398 0.5506771 0.5281503 0.5595373 0.5525674 0.4561896 0.4636735 0.4132131 0.4314183 0.6157328 0.2736578 0.5533887 0.2513467 0.3803199 0.3670187 0.3693865 0.3098905 0.3436932 0.3586503 0.2756821 0.3546592 0.6072530 0.5678924 0.9272151 0.8976713 0.9535900 4.3160605 1.4739280 1.4923021 2.0939321 1.4035960 2.1366744 
AKR1C3|NP_003730.4|Homo                                            1.8992805 1.8508758 1.8939246 1.8339239 1.4069921 1.4570582 1.5238597 1.5425574 1.4428580 1.4276720 1.6139559 1.6352869 1.5315195 1.5110112 1.3809978 1.6519806 1.6466672 1.6037505 1.6105388 1.5961476 0.1497610 0.1632296 0.0000000 0.2124180 0.3231695 0.3600834 0.3832927 0.4652640 0.5034701 0.8339796 0.8463166 0.3399964 0.6026256 0.6572613 0.5055936 0.5251728 0.6100749 0.6052443 0.4135632 0.4857245 0.3892229 0.4585747 0.6565192 0.3121518 0.5876947 0.2138599 0.3771989 0.3692604 0.3621522 0.3074559 0.3561037 0.3489746 0.2863744 0.3462734 0.6383766 0.6028882 1.0192337 0.9604699 1.0549975 4.6121586 1.4693490 1.5530173 2.1932415 1.4281490 2.2001936 
AKR1C4|P17516.3|Homo                                               1.7849495 1.7686747 1.7701354 1.7136473 1.3976875 1.4601234 1.4668023 1.4868874 1.4821141 1.4070883 1.5462237 1.5568432 1.4634275 1.4852909 1.3258704 1.5725497 1.5858923 1.5970106 1.6020211 1.5425400 0.2284263 0.2479741 0.2124180 0.0000000 0.3061223 0.3656803 0.4003403 0.5164669 0.5190184 0.8879410 0.8957799 0.3666776 0.5902875 0.6198265 0.5241902 0.5014640 0.5819894 0.6064070 0.4616757 0.5182329 0.4308255 0.4589406 0.6190284 0.3027452 0.5860305 0.0674040 0.3772422 0.3754648 0.3841135 0.3473365 0.3592260 0.3395657 0.2906694 0.3647114 0.6107406 0.5792838 0.9793271 0.9356778 0.9882031 4.4048109 1.4708799 1.4838683 2.1095128 1.4828658 2.2234057 
AKR1C5|P80508.1|Oryctolagus                                        1.8488013 1.8274940 1.8280546 1.8111235 1.2697993 1.3265490 1.3912024 1.4106039 1.3356514 1.3197378 1.5427016 1.5108499 1.4891402 1.4056090 1.3125719 1.5538437 1.5437270 1.5485703 1.5259574 1.4560778 0.2788181 0.3002399 0.3231695 0.3061223 0.0000000 0.2938367 0.3924254 0.4928047 0.4630821 0.8639454 0.8763319 0.4027356 0.6583328 0.6572178 0.4757335 0.4680484 0.6122579 0.6525596 0.4401885 0.4691065 0.3483711 0.4438718 0.6564678 0.3049657 0.6299606 0.3055720 0.2726902 0.2890115 0.2948786 0.1979500 0.2413433 0.2411012 0.1015476 0.3221784 0.6679101 0.6051666 0.9137999 0.9270129 0.9623329 4.6079594 1.4216388 1.3795534 2.1372265 1.4066937 2.2679367 
AKR1C6|NP_085114.1|Mus                                             1.9103078 1.8280053 1.9034247 1.8597412 1.3639379 1.4265404 1.4051916 1.4236670 1.3717208 1.3965357 1.6645330 1.7102932 1.6367217 1.5233192 1.3799160 1.7268456 1.6099495 1.5791811 1.6090160 1.6354592 0.3463972 0.3689874 0.3600834 0.3656803 0.2938367 0.0000000 0.4624990 0.4899878 0.4599159 0.8177510 0.8288765 0.4629027 0.6068003 0.6329229 0.4608489 0.4944315 0.6213897 0.6103762 0.4471655 0.5096011 0.1458534 0.3858104 0.6321386 0.3491800 0.6064227 0.3535080 0.3663269 0.3731497 0.3807157 0.3420341 0.3683861 0.3431787 0.2960642 0.3472131 0.6047337 0.5759600 0.9294176 0.9410058 0.9787882 4.2345595 1.3794844 1.3604160 2.1058411 1.4384577 2.1341543 
AKR1C7|P05980.3|Bos                                                1.8714591 1.8413706 1.8427823 1.8272537 1.3424725 1.3969094 1.4734777 1.4994329 1.4346095 1.4139438 1.5486259 1.5864300 1.5037299 1.4959078 1.4517816 1.6156262 1.5446740 1.5821289 1.5669422 1.5374360 0.3384683 0.3607925 0.3832927 0.4003403 0.3924254 0.4624990 0.0000000 0.5393381 0.5469664 0.9118787 0.9047434 0.1779812 0.6084486 0.6287334 0.5898538 0.4797098 0.5631410 0.5933338 0.4910495 0.6050779 0.4685032 0.5502940 0.6279421 0.3804438 0.6068497 0.4371620 0.4337419 0.4465774 0.4400621 0.4168345 0.4088640 0.3857798 0.3924271 0.4514446 0.6200958 0.6061812 0.9497058 0.9582099 0.9690402 4.5064010 1.4551100 1.4705525 2.0729924 1.4329521 1.9101648 
AKR1C8|P51652.1|Rattus                                             2.0014755 1.9746617 1.9812387 1.9552379 1.4870999 1.5114435 1.5761118 1.5942613 1.4931917 1.4709581 1.7071821 1.7622608 1.6533545 1.6289119 1.4850549 1.6958830 1.7504782 1.6758117 1.7150610 1.6994431 0.5036606 0.5244591 0.4652640 0.5164669 0.4928047 0.4899878 0.5393381 0.0000000 0.5861026 0.9599251 0.9698348 0.6022926 0.6357460 0.6703731 0.5527753 0.6909506 0.6675079 0.6778478 0.0643114 0.6191537 0.5261172 0.5448072 0.6696468 0.4566853 0.6422233 0.5158238 0.5561646 0.5156852 0.5107713 0.4983228 0.5529880 0.5032141 0.4933643 0.4898667 0.6481873 0.6382213 1.0547356 1.1344831 1.0965885 4.1560000 1.4916894 1.6125468 2.1927826 1.5088689 2.0618625 
AKR1C9|P23457.1|Rattus                                             2.0249845 1.9900301 2.0572165 2.0016883 1.5729300 1.6009458 1.6088978 1.6304199 1.6206631 1.6397130 1.7478034 1.7907614 1.6897319 1.6469996 1.6431600 1.8238048 1.7122502 1.6876080 1.7056955 1.6845974 0.5271832 0.5430154 0.5034701 0.5190184 0.4630821 0.4599159 0.5469664 0.5861026 0.0000000 1.0525454 1.0587589 0.5508348 0.6659744 0.6903527 0.1504608 0.6935846 0.6445943 0.6745944 0.5577366 0.6267218 0.5031530 0.5676008 0.6896342 0.5129759 0.6866828 0.5092174 0.5248512 0.4914874 0.5247526 0.4757604 0.5654792 0.5337363 0.4584970 0.4560550 0.6860516 0.6262184 1.0746605 1.1704301 1.0897099 3.9902720 1.5761857 1.6202832 2.3210344 1.5821071 2.1450198 
AKR1C10a|P02532.3|Rana                                             1.9534845 1.9097060 2.0018741 2.0298326 1.4866742 1.5264650 1.5250876 1.5194995 1.5925859 1.4749779 1.6625581 1.6736787 1.6314790 1.6312579 1.5886156 1.7148576 1.7512612 1.6919670 1.7223399 1.6744192 0.8702228 0.8893874 0.8339796 0.8879410 0.8639454 0.8177510 0.9118787 0.9599251 1.0525454 0.0000000 0.0223497 0.9372755 1.0218735 1.0727827 1.0624247 0.9683849 1.1050366 1.1337787 0.8929130 0.9221416 0.7984669 0.9163997 1.0724926 0.8744250 1.0058331 0.9173240 0.8224504 0.8397552 0.8645744 0.7881704 0.8334653 0.8211433 0.8771061 0.8634890 1.0342965 0.9832807 1.1368059 1.1199393 1.1372648 5.3903481 1.6502789 1.6132606 2.6992322 1.7117774 2.2559893 
AKR1C10b|P17264.2|Rana                                             1.9773087 1.9330942 2.0262602 2.0479290 1.4616325 1.4749941 1.4971227 1.4915892 1.5563197 1.4422106 1.6288879 1.6373301 1.6127411 1.6076185 1.5559280 1.6777692 1.7163693 1.6676283 1.6877722 1.6381439 0.8827719 0.9020762 0.8463166 0.8957799 0.8763319 0.8288765 0.9047434 0.9698348 1.0587589 0.0223497 0.0000000 0.9300683 1.0347481 1.0858879 1.0855021 0.9597746 1.1288453 1.1472773 0.9032434 0.9283783 0.8168800 0.9284185 1.0856111 0.8680064 1.0187528 0.9252829 0.8380295 0.8580369 0.8832605 0.7998285 0.8490998 0.8366064 0.8895201 0.8682250 1.0498499 0.9958837 1.1619728 1.1344081 1.1612455 5.4356477 1.6547825 1.6058968 2.6418023 1.6985816 2.2547351 
AKR1C11|BAA13690.1|Bos                                             1.8146025 1.8109217 1.7990475 1.7541565 1.3950223 1.4346744 1.5058416 1.5250134 1.4415985 1.4236769 1.6188887 1.5756891 1.5086002 1.4781184 1.3879326 1.6045833 1.6035878 1.6735360 1.6022647 1.5780567 0.3402853 0.3529473 0.3399964 0.3666776 0.4027356 0.4629027 0.1779812 0.6022926 0.5508348 0.9372755 0.9300683 0.0000000 0.6421256 0.6151733 0.5768619 0.4659646 0.5753837 0.6115691 0.5412568 0.5560897 0.4512854 0.5266212 0.6143718 0.3546453 0.6317651 0.3898841 0.4285628 0.4820920 0.4767643 0.4297685 0.4446530 0.4290563 0.3951391 0.4847452 0.6447907 0.6249378 0.9269316 0.9217736 0.9246650 4.6434701 1.4754070 1.5165692 2.0178774 1.4207328 2.0081283 
AKR1C12|NP_038805.2|Mus                                            1.9340282 1.8850656 1.9322632 1.9279236 1.5661327 1.5295244 1.5633618 1.5647034 1.5412714 1.5001117 1.7356955 1.6664636 1.5763043 1.6500683 1.4943797 1.6822540 1.6682555 1.7724184 1.7016908 1.6158528 0.5621761 0.5687151 0.6026256 0.5902875 0.6583328 0.6068003 0.6084486 0.6357460 0.6659744 1.0218735 1.0347481 0.6421256 0.0000000 0.0718405 0.6842595 0.7335350 0.1352271 0.1810426 0.5970213 0.4296119 0.6764280 0.6715048 0.0755606 0.6031592 0.1036167 0.5750879 0.5502119 0.5386990 0.5891856 0.5913911 0.5977489 0.5990149 0.6207273 0.6191641 0.1923561 0.2058295 1.2473520 1.2690704 1.2788401 4.3982301 1.5087049 1.5153369 2.0748678 1.6295890 2.0845771 
AKR1C13|NP_038806.2|Mus                                            1.8839933 1.8366050 1.8861320 1.8856779 1.5844711 1.5476277 1.5921554 1.5934653 1.5786594 1.5610501 1.7334523 1.6309565 1.5402962 1.6229890 1.4943310 1.6266953 1.6560974 1.7427785 1.6863133 1.6631306 0.6097030 0.6165398 0.6572613 0.6198265 0.6572178 0.6329229 0.6287334 0.6703731 0.6903527 1.0727827 1.0858879 0.6151733 0.0718405 0.0000000 0.7027335 0.7380128 0.1115943 0.1713668 0.5995508 0.4335723 0.6574675 0.6535629 0.0032457 0.6078563 0.1476476 0.6074800 0.5287711 0.5400036 0.5903840 0.6030404 0.6195119 0.6249775 0.6242446 0.6657956 0.1839876 0.1920526 1.2690671 1.2842979 1.2962007 4.5130068 1.5478319 1.5414194 2.0738718 1.6174724 2.1354781 
AKR1C14|NP_598833.1|Mus                                            2.0182927 1.9885378 2.0752920 2.0345277 1.5209462 1.5771713 1.5920605 1.6123823 1.5898356 1.5913205 1.8295002 1.7877258 1.6724002 1.6565144 1.5492921 1.8465645 1.7409115 1.8190596 1.7656289 1.7089785 0.5385668 0.5506771 0.5055936 0.5241902 0.4757335 0.4608489 0.5898538 0.5527753 0.1504608 1.0624247 1.0855021 0.5768619 0.6842595 0.7027335 0.0000000 0.7420739 0.6619879 0.6787799 0.5128095 0.5877394 0.4922577 0.5217253 0.7020366 0.4975084 0.7079212 0.5225253 0.5084837 0.4937117 0.5308599 0.4664937 0.5662693 0.5468390 0.4749414 0.4659140 0.6900081 0.6504761 1.0772910 1.1841225 1.1369613 4.1939965 1.5507250 1.5947703 2.2490021 1.6507964 2.2294174 
AKR1C15|2008147B|Rattus                                            1.9601269 1.9504619 1.9164780 1.8925346 1.3472684 1.3976854 1.4378329 1.4366498 1.4072199 1.3635235 1.5958251 1.5946434 1.5031362 1.4330893 1.3860704 1.6367571 1.5715199 1.5472404 1.6358383 1.4058079 0.5058051 0.5281503 0.5251728 0.5014640 0.4680484 0.4944315 0.4797098 0.6909506 0.6935846 0.9683849 0.9597746 0.4659646 0.7335350 0.7380128 0.7420739 0.0000000 0.7336720 0.7296582 0.6558004 0.7219921 0.5394707 0.6869622 0.7373562 0.5525673 0.7490651 0.5251277 0.4971839 0.5663471 0.5720035 0.4882056 0.5121652 0.4815149 0.4841369 0.5448929 0.7933579 0.7889043 1.0258638 1.0299403 1.0393342 4.7386180 1.5454747 1.5058480 2.1607313 1.4046740 2.0208389 
AKR1C16|2008147A|Rattus                                            1.9110934 1.8528995 1.9056261 1.8677922 1.6125242 1.5512047 1.6027826 1.6013123 1.5812023 1.5609362 1.6727799 1.6711751 1.5935218 1.5689234 1.4590153 1.6669061 1.6583306 1.7039462 1.6476349 1.6392403 0.5569592 0.5595373 0.6100749 0.5819894 0.6122579 0.6213897 0.5631410 0.6675079 0.6445943 1.1050366 1.1288453 0.5753837 0.1352271 0.1115943 0.6619879 0.7336720 0.0000000 0.0866760 0.5933095 0.4406003 0.6529945 0.6740407 0.1154102 0.5594331 0.1121231 0.5896791 0.5276076 0.5389164 0.5909937 0.5478355 0.5860873 0.6007988 0.5808786 0.6190376 0.1868662 0.2004833 1.2732582 1.2931046 1.2511649 4.3045986 1.5694805 1.5521319 2.0831776 1.5992703 2.2181154 
AKR1C17|2008147C|Rattus                                            1.9553976 1.8986069 1.9476611 1.9092729 1.6849845 1.6192737 1.6725867 1.6709903 1.6557316 1.6560038 1.7401011 1.7606571 1.6678354 1.6798699 1.5165925 1.7825267 1.6934758 1.7698021 1.6880989 1.7210336 0.5676631 0.5525674 0.6052443 0.6064070 0.6525596 0.6103762 0.5933338 0.6778478 0.6745944 1.1337787 1.1472773 0.6115691 0.1810426 0.1713668 0.6787799 0.7296582 0.0866760 0.0000000 0.6127795 0.4924340 0.6239217 0.6358449 0.1754029 0.5814269 0.1466025 0.6014972 0.5519448 0.5582639 0.6105205 0.5857800 0.6191056 0.6305139 0.6047554 0.6306082 0.2381596 0.2334948 1.3524089 1.3671430 1.3278778 4.4600650 1.6240654 1.6037590 2.1689521 1.7470853 2.3024710 
AKR1C18|NP_001333464.1|Mus                                         1.9506944 1.9204910 1.9230396 1.8952955 1.4387685 1.4788582 1.5572211 1.5794034 1.4560593 1.4597234 1.7266696 1.7788430 1.6906890 1.6514581 1.5327941 1.7280326 1.7462211 1.6960856 1.6963591 1.6732406 0.4408008 0.4561896 0.4135632 0.4616757 0.4401885 0.4471655 0.4910495 0.0643114 0.5577366 0.8929130 0.9032434 0.5412568 0.5970213 0.5995508 0.5128095 0.6558004 0.5933095 0.6127795 0.0000000 0.6071065 0.4833171 0.4718241 0.5986515 0.4218130 0.5877980 0.4640236 0.5167615 0.4447453 0.4462187 0.4425279 0.4878530 0.4459088 0.4298684 0.4498010 0.6040725 0.5826445 1.0107409 1.0792361 1.0543757 4.2285691 1.4892080 1.5729085 2.1683348 1.4939196 2.1145720 
AKR1C19|NP_001013807.2|Mus                                         1.9300794 1.8848635 1.8966571 1.8597580 1.4505819 1.5076943 1.5407591 1.5330904 1.4904422 1.5003118 1.6885035 1.6190766 1.6281890 1.5245317 1.3794443 1.6196504 1.6607688 1.7259321 1.6865794 1.6647247 0.4601324 0.4636735 0.4857245 0.5182329 0.4691065 0.5096011 0.6050779 0.6191537 0.6267218 0.9221416 0.9283783 0.5560897 0.4296119 0.4335723 0.5877394 0.7219921 0.4406003 0.4924340 0.6071065 0.0000000 0.5425849 0.5617338 0.4342132 0.5090312 0.4552277 0.5161701 0.4668341 0.5066987 0.5464419 0.4296029 0.5419665 0.5497873 0.4597042 0.5168572 0.4762823 0.4687371 1.1482878 1.1255780 1.1856340 4.1163733 1.5029418 1.4786578 2.2274258 1.4786834 1.9775500 
AKR1C20|NP_473421.1|Mus                                            1.8219951 1.7448988 1.8123012 1.7887322 1.3373423 1.4372225 1.3931655 1.4105248 1.3152070 1.3916778 1.6238444 1.6033222 1.4965896 1.4315762 1.4032000 1.6120140 1.6409878 1.5285434 1.5966353 1.4853358 0.4013908 0.4132131 0.3892229 0.4308255 0.3483711 0.1458534 0.4685032 0.5261172 0.5031530 0.7984669 0.8168800 0.4512854 0.6764280 0.6574675 0.4922577 0.5394707 0.6529945 0.6239217 0.4833171 0.5425849 0.0000000 0.4528411 0.6555479 0.3801368 0.6810090 0.4319192 0.3713789 0.3993144 0.4224250 0.3461233 0.4554360 0.4106052 0.3584667 0.3953855 0.6675016 0.6484204 0.9877946 0.9648003 1.0095683 4.7142776 1.3737461 1.3622994 2.2387165 1.3453703 2.2043911 
AKR1C21|NP_084177.2|Mus                                            1.9652516 1.9220382 1.9463493 1.9040144 1.5214657 1.5703662 1.6528468 1.6735556 1.5662296 1.5412477 1.8594643 1.7988414 1.6821276 1.7434033 1.5047677 1.8055621 1.7351320 1.7962840 1.7707217 1.7593969 0.4367027 0.4314183 0.4585747 0.4589406 0.4438718 0.3858104 0.5502940 0.5448072 0.5676008 0.9163997 0.9284185 0.5266212 0.6715048 0.6535629 0.5217253 0.6869622 0.6740407 0.6358449 0.4718241 0.5617338 0.4528411 0.0000000 0.6528038 0.4644942 0.6646751 0.4760283 0.4879494 0.4993514 0.5066701 0.4662777 0.5056440 0.4899408 0.4252026 0.5234257 0.6531922 0.6460917 1.0145505 1.0222502 1.0996298 4.4376238 1.6350629 1.5610432 2.3488788 1.6871076 2.4307719 
AKR1C22|BAD02825.1|Mus                                             1.8736952 1.8265042 1.8757850 1.8752949 1.5946309 1.5576740 1.6024603 1.6037576 1.5888029 1.5711219 1.7442467 1.6412758 1.5502114 1.6333276 1.4856661 1.6370251 1.6664670 1.7537035 1.6968861 1.6736998 0.6088866 0.6157328 0.6565192 0.6190284 0.6564678 0.6321386 0.6279421 0.6696468 0.6896342 1.0724926 1.0856111 0.6143718 0.0755606 0.0032457 0.7020366 0.7373562 0.1154102 0.1754029 0.5986515 0.4342132 0.6555479 0.6528038 0.0000000 0.6063372 0.1515471 0.6066622 0.5273056 0.5390723 0.5895283 0.6022115 0.6187082 0.6241818 0.6234466 0.6650514 0.1880712 0.1961267 1.2689505 1.2841945 1.2961067 4.5215011 1.5384771 1.5518207 2.0870853 1.6278905 2.1484241 
AKR1C23|AAY16444.1|Equus                                           1.8453725 1.8105395 1.8597632 1.8023502 1.3991445 1.3821534 1.4331532 1.4542578 1.4366893 1.3796629 1.6279885 1.5359837 1.4996478 1.5221021 1.3731059 1.5817687 1.6166691 1.5760092 1.6413659 1.5673974 0.2553885 0.2736578 0.3121518 0.3027452 0.3049657 0.3491800 0.3804438 0.4566853 0.5129759 0.8744250 0.8680064 0.3546453 0.6031592 0.6078563 0.4975084 0.5525673 0.5594331 0.5814269 0.4218130 0.5090312 0.3801368 0.4644942 0.6063372 0.0000000 0.5755262 0.2970488 0.3701237 0.3709508 0.3661699 0.3066332 0.3170746 0.3272245 0.2900055 0.3797133 0.5891663 0.5293614 0.9304980 0.9363396 0.9723791 4.1822676 1.4327336 1.4017327 2.1877624 1.5101383 2.2405736 
AKR1C24|BAE75957.1|Rattus                                          2.0048255 1.9443881 1.9943291 1.9882626 1.5883455 1.5351952 1.5406403 1.5585659 1.5760657 1.5354031 1.7205737 1.6853230 1.6048045 1.6024118 1.4967350 1.6903568 1.6669255 1.7295085 1.6962102 1.6267768 0.5469374 0.5533887 0.5876947 0.5860305 0.6299606 0.6064227 0.6068497 0.6422233 0.6866828 1.0058331 1.0187528 0.6317651 0.1036167 0.1476476 0.7079212 0.7490651 0.1121231 0.1466025 0.5877980 0.4552277 0.6810090 0.6646751 0.1515471 0.5755262 0.0000000 0.5869382 0.5498543 0.5397709 0.5912128 0.5783227 0.5772816 0.5823173 0.6131109 0.6235387 0.2052368 0.2202700 1.2963540 1.3166095 1.2937558 4.2201411 1.5700579 1.5285029 2.0283997 1.6514014 2.2204259 
AKR1C25|BAB63209.2|Macaca                                          1.8118313 1.7768143 1.7860057 1.7308321 1.4224496 1.4731231 1.5267281 1.5485381 1.4926813 1.4149909 1.6176357 1.5867568 1.5139212 1.5377528 1.3938896 1.6028194 1.6460958 1.6524590 1.6629515 1.5738537 0.2274443 0.2513467 0.2138599 0.0674040 0.3055720 0.3535080 0.4371620 0.5158238 0.5092174 0.9173240 0.9252829 0.3898841 0.5750879 0.6074800 0.5225253 0.5251277 0.5896791 0.6014972 0.4640236 0.5161701 0.4319192 0.4760283 0.6066622 0.2970488 0.5869382 0.0000000 0.3853183 0.3580604 0.3724587 0.3349115 0.3431785 0.3269676 0.2797487 0.3680677 0.6075373 0.5545441 0.9838280 0.9500235 0.9982730 4.4942080 1.4568377 1.4581015 2.1518264 1.4848729 2.1576822 
AKR1C26|BAM37087.1|Oryctolagus                                     1.8423341 1.8480248 1.8784297 1.8825087 1.2955469 1.3953580 1.4348523 1.4577312 1.4148847 1.3808632 1.6487558 1.5707245 1.5038272 1.4660030 1.3705134 1.6082176 1.5915679 1.6301530 1.5965722 1.5394403 0.3803118 0.3803199 0.3771989 0.3772422 0.2726902 0.3663269 0.4337419 0.5561646 0.5248512 0.8224504 0.8380295 0.4285628 0.5502119 0.5287711 0.5084837 0.4971839 0.5276076 0.5519448 0.5167615 0.4668341 0.3713789 0.4879494 0.5273056 0.3701237 0.5498543 0.3853183 0.0000000 0.1445210 0.1537679 0.2840775 0.2964769 0.2940382 0.2413736 0.3917279 0.5191858 0.5376187 1.0110996 1.0445218 1.0665727 4.5337945 1.4258505 1.4551626 2.0470574 1.4724388 2.1862234 
AKR1C27|BAM37088.1|Oryctolagus                                     1.8289151 1.7905626 1.8167069 1.8227096 1.3130384 1.4021231 1.4946786 1.5183446 1.4354099 1.4073632 1.6484637 1.5528327 1.4897617 1.5264985 1.4256000 1.5835411 1.5902272 1.6534266 1.6669262 1.5181687 0.3598199 0.3670187 0.3692604 0.3754648 0.2890115 0.3731497 0.4465774 0.5156852 0.4914874 0.8397552 0.8580369 0.4820920 0.5386990 0.5400036 0.4937117 0.5663471 0.5389164 0.5582639 0.4447453 0.5066987 0.3993144 0.4993514 0.5390723 0.3709508 0.5397709 0.3580604 0.1445210 0.0000000 0.0502836 0.2512183 0.2781777 0.2671935 0.2526263 0.3814454 0.5208089 0.4981040 1.0017124 1.0236468 1.0360124 4.6128380 1.4698468 1.5029868 2.0314375 1.4938205 2.2153579 
AKR1C28|BAM37089.1|Oryctolagus                                     1.8726554 1.8379541 1.8501986 1.8542196 1.3588392 1.4453705 1.5292849 1.5534732 1.4705074 1.4490146 1.6788307 1.5886573 1.5245041 1.5540242 1.4655409 1.6237835 1.6151216 1.6715686 1.7105697 1.5770153 0.3514381 0.3693865 0.3621522 0.3841135 0.2948786 0.3807157 0.4400621 0.5107713 0.5247526 0.8645744 0.8832605 0.4767643 0.5891856 0.5903840 0.5308599 0.5720035 0.5909937 0.6105205 0.4462187 0.5464419 0.4224250 0.5066701 0.5895283 0.3661699 0.5912128 0.3724587 0.1537679 0.0502836 0.0000000 0.2527482 0.2837502 0.2747834 0.2580465 0.3873776 0.5665464 0.5287487 0.9998958 1.0108725 1.0321132 4.7540872 1.4560580 1.4874171 2.1239781 1.5309368 2.1812057 
AKR1C29|BAN20006.1|Oryctolagus                                     1.7854612 1.7298119 1.7531046 1.7388420 1.2541150 1.3011709 1.3409704 1.3398658 1.3021405 1.2805144 1.4874598 1.5231873 1.4279275 1.3617279 1.2506712 1.5377745 1.4834896 1.4945326 1.4653413 1.4012448 0.2933312 0.3098905 0.3074559 0.3473365 0.1979500 0.3420341 0.4168345 0.4983228 0.4757604 0.7881704 0.7998285 0.4297685 0.5913911 0.6030404 0.4664937 0.4882056 0.5478355 0.5857800 0.4425279 0.4296029 0.3461233 0.4662777 0.6022115 0.3066332 0.5783227 0.3349115 0.2840775 0.2512183 0.2527482 0.0000000 0.2032147 0.1842998 0.1944053 0.3219251 0.6056362 0.5466383 0.8694788 0.8763621 0.8909608 4.4496106 1.3403572 1.3678418 2.1686745 1.4436806 2.0306695 
AKR1C30|BAN84250.1|Oryctolagus                                     1.8196729 1.7966043 1.7950359 1.8084406 1.3216573 1.3735008 1.3850808 1.3912670 1.3725852 1.3593515 1.5923967 1.6117885 1.5026648 1.5199960 1.4869379 1.6173623 1.5638451 1.6421410 1.5798070 1.5629893 0.3265557 0.3436932 0.3561037 0.3592260 0.2413433 0.3683861 0.4088640 0.5529880 0.5654792 0.8334653 0.8490998 0.4446530 0.5977489 0.6195119 0.5662693 0.5121652 0.5860873 0.6191056 0.4878530 0.5419665 0.4554360 0.5056440 0.6187082 0.3170746 0.5772816 0.3431785 0.2964769 0.2781777 0.2837502 0.2032147 0.0000000 0.0721423 0.2036658 0.3855672 0.6027910 0.5522896 0.9249560 0.8723999 0.9522404 4.3650363 1.4424129 1.4657061 2.1523486 1.5073275 2.2113886 
AKR1C31|BAN84251.1|Oryctolagus                                     1.8358107 1.8112456 1.8329247 1.8465221 1.3089589 1.3724955 1.3956313 1.4018490 1.3356936 1.3143136 1.6214523 1.6211689 1.5117770 1.4657294 1.4323844 1.6336868 1.5382488 1.5644098 1.5682406 1.4655003 0.3315316 0.3586503 0.3489746 0.3395657 0.2411012 0.3431787 0.3857798 0.5032141 0.5337363 0.8211433 0.8366064 0.4290563 0.5990149 0.6249775 0.5468390 0.4815149 0.6007988 0.6305139 0.4459088 0.5497873 0.4106052 0.4899408 0.6241818 0.3272245 0.5823173 0.3269676 0.2940382 0.2671935 0.2747834 0.1842998 0.0721423 0.0000000 0.2017105 0.3625752 0.6121007 0.5670331 0.8844043 0.8665952 0.9030559 4.3341611 1.4225540 1.4539275 2.0361207 1.4846673 2.0598117 
AKR1C32|BAN84252.1|Oryctolagus                                     1.7628775 1.7289835 1.7602477 1.7506050 1.3460599 1.4189454 1.5009929 1.5199599 1.4144081 1.3986785 1.6508786 1.6315425 1.5547079 1.4788400 1.3831374 1.6670927 1.6349813 1.6187871 1.6220385 1.5270747 0.2509410 0.2756821 0.2863744 0.2906694 0.1015476 0.2960642 0.3924271 0.4933643 0.4584970 0.8771061 0.8895201 0.3951391 0.6207273 0.6242446 0.4749414 0.4841369 0.5808786 0.6047554 0.4298684 0.4597042 0.3584667 0.4252026 0.6234466 0.2900055 0.6131109 0.2797487 0.2413736 0.2526263 0.2580465 0.1944053 0.2036658 0.2017105 0.0000000 0.3149155 0.6140554 0.5809097 0.8834920 0.9024725 0.9211775 4.5579566 1.4217639 1.4064684 2.0805393 1.4365225 2.3729673 
AKR1C33|BAN84253.1|Oryctolagus                                     1.7978636 1.7273312 1.8202779 1.7565272 1.3768565 1.4397362 1.4387732 1.4587239 1.4390499 1.4170506 1.6748998 1.6251537 1.5394898 1.5061872 1.3981667 1.6569152 1.6339431 1.6222432 1.6653681 1.5335055 0.3278264 0.3546592 0.3462734 0.3647114 0.3221784 0.3472131 0.4514446 0.4898667 0.4560550 0.8634890 0.8682250 0.4847452 0.6191641 0.6657956 0.4659140 0.5448929 0.6190376 0.6306082 0.4498010 0.5168572 0.3953855 0.5234257 0.6650514 0.3797133 0.6235387 0.3680677 0.3917279 0.3814454 0.3873776 0.3219251 0.3855672 0.3625752 0.3149155 0.0000000 0.6446103 0.6251937 0.9060590 0.9895013 0.9518643 4.4548483 1.4301892 1.4542750 2.1692550 1.5699601 2.2576182 
AKR1C34|BAP76082.1|Mesocricetus                                    1.8683638 1.8792788 1.8659358 1.8535391 1.6441018 1.5930184 1.6399635 1.6488394 1.6733325 1.5824328 1.7533282 1.7206789 1.6397324 1.6663668 1.5475122 1.7045851 1.6936637 1.7717142 1.7857012 1.6781787 0.6005009 0.6072530 0.6383766 0.6107406 0.6679101 0.6047337 0.6200958 0.6481873 0.6860516 1.0342965 1.0498499 0.6447907 0.1923561 0.1839876 0.6900081 0.7933579 0.1868662 0.2381596 0.6040725 0.4762823 0.6675016 0.6531922 0.1880712 0.5891663 0.2052368 0.6075373 0.5191858 0.5208089 0.5665464 0.6056362 0.6027910 0.6121007 0.6140554 0.6446103 0.0000000 0.1459416 1.2615015 1.2760940 1.2641292 4.4785100 1.6361639 1.5967172 2.2031842 1.7148294 2.1662359 
