65
AKR1A1|NP_006057.1|Homo                                            0.0000000 0.0655130 0.0687299 0.0754309 1.3270278 1.3209583 1.3292931 1.3330492 1.4079104 1.2833000 1.4518943 1.3998404 1.4650945 1.4287576 1.5420313 1.4329475 1.4844685 1.5599574 1.5337083 1.4003260 1.7687423 1.7687083 1.9299239 1.8123813 1.8781679 1.9411233 1.9002175 2.0335051 2.0575813 1.9858031 2.0099929 1.8426921 1.9643485 1.9139723 2.0502008 1.9910695 1.9411437 1.9861974 1.9821281 1.9601050 1.8509714 1.9963672 1.9035167 1.8748468 2.0362099 1.8398227 1.8721747 1.8585132 1.9032220 1.8135664 1.8486431 1.8652178 1.7904872 1.8254952 1.8974842 1.9690564 1.7940153 1.7030545 1.8355315 5.8269427 1.5547609 1.7020579 2.1584796 1.2978015 1.8147290 
AKR1A2|P50578.3|Sus                                                0.0655130 0.0000000 0.0840445 0.0981375 1.3281101 1.2992868 1.3235364 1.3272650 1.3744293 1.2725167 1.4272101 1.4084273 1.4466046 1.3797332 1.5346487 1.4303873 1.4614462 1.5452261 1.5101733 1.3837774 1.7326233 1.7453027 1.8802373 1.7955978 1.8560256 1.8570603 1.8692016 2.0058831 2.0216693 1.9405982 1.9643395 1.8386949 1.9142501 1.8654517 2.0195464 1.9813432 1.8816946 1.9281693 1.9508567 1.9138081 1.7723525 1.9521909 1.8551939 1.8389268 1.9745126 1.8038304 1.8773929 1.8189535 1.8673654 1.7562467 1.8246925 1.8397571 1.7554268 1.7533036 1.9082436 1.9300705 1.7364167 1.6584371 1.8031343 5.6752505 1.5317881 1.6868467 2.1422732 1.2680955 1.8073517 
AKR1A3|P51635.2|Rattus                                             0.0687299 0.0840445 0.0000000 0.0293361 1.3291101 1.2929114 1.3597532 1.3581267 1.3870554 1.2779717 1.4172372 1.3870447 1.4454297 1.3956414 1.5861852 1.4019069 1.4283826 1.5615449 1.5036721 1.3883655 1.7702843 1.7714563 1.9243436 1.7974035 1.8571285 1.9339549 1.8710352 2.0127507 2.0904187 2.0349127 2.0596861 1.8268336 1.9626903 1.9159654 2.1082402 1.9466267 1.9354457 1.9783901 1.9537150 1.9261798 1.8409163 1.9770265 1.9054581 1.8893780 2.0256083 1.8135853 1.9089417 1.8461332 1.8804553 1.7806000 1.8236935 1.8623832 1.7878841 1.8483310 1.8951450 1.9499948 1.8248820 1.6970776 1.8575232 6.1697074 1.5083012 1.6514774 2.0886900 1.2572535 1.7798414 
AKR1A4|NP_067448.1|Mus                                             0.0754309 0.0981375 0.0293361 0.0000000 1.3644569 1.3007008 1.3640789 1.3654063 1.4010123 1.2989862 1.4140622 1.3622985 1.4240446 1.4037714 1.5406788 1.3768999 1.4032036 1.5444301 1.4771816 1.3636093 1.7080138 1.7089833 1.8633709 1.7399857 1.8398600 1.8895646 1.8554224 1.9864187 2.0338762 2.0634337 2.0816794 1.7812688 1.9583887 1.9156707 2.0666996 1.9223703 1.8969618 1.9393289 1.9255923 1.8886473 1.8171348 1.9339051 1.9051244 1.8309137 2.0195293 1.7575197 1.9133143 1.8524483 1.8847615 1.7660516 1.8373684 1.8762582 1.7780748 1.7835788 1.8825246 1.9469593 1.7998140 1.7090791 1.8311296 6.1258340 1.5146435 1.6548952 2.0550358 1.3012072 1.7397159 
AKR1B1|NP_001619.1|Homo                                            1.3270278 1.3281101 1.3291101 1.3644569 0.0000000 0.1309108 0.1793590 0.1785205 0.1726400 0.1662745 0.4871600 0.5124224 0.4825966 0.4893033 0.5905149 0.4781081 0.5447344 0.5751741 0.5172084 0.4588492 1.4074903 1.3889817 1.4263556 1.4170953 1.2871280 1.3825023 1.3604756 1.5079449 1.5958474 1.5085620 1.4832808 1.4147259 1.5886140 1.6074478 1.5420996 1.3660642 1.6361257 1.7098160 1.4588785 1.4711555 1.3559176 1.5429301 1.6177210 1.4185311 1.6110728 1.4422675 1.3135514 1.3309605 1.3774590 1.2710088 1.3398216 1.3266729 1.3648966 1.3960182 1.6677860 1.6735012 1.3024710 1.2061537 1.4023344 5.6999853 0.8127709 0.8585499 1.9329599 0.8964720 2.0041351 
AKR1B2|P15122.3|Oryctolagus|cuniculus|Animalia|Mammalia|Lagomorpha 1.3209583 1.2992868 1.2929114 1.3007008 0.1309108 0.0000000 0.1413585 0.1451746 0.1696534 0.1773350 0.5027921 0.4968438 0.4824298 0.4691917 0.5960863 0.4722500 0.5371093 0.5399522 0.4938402 0.4678730 1.4367644 1.4179460 1.4783190 1.4814856 1.3456622 1.4469619 1.4160153 1.5332173 1.6247421 1.5491878 1.4969690 1.4556834 1.5516785 1.5703370 1.5999706 1.4179611 1.5741927 1.6434120 1.5000905 1.5299422 1.4582690 1.5932013 1.5804942 1.4016112 1.5573529 1.4945083 1.4156743 1.4221489 1.4661424 1.3195587 1.3931285 1.3920031 1.4398564 1.4605592 1.6159551 1.5565542 1.4329977 1.2767917 1.4554060 5.7695751 0.7476768 0.8248037 1.8668160 0.8934049 1.9028474 
AKR1B3|P45376.3|Mus                                                1.3292931 1.3235364 1.3597532 1.3640789 0.1793590 0.1413585 0.0000000 0.0332504 0.2172566 0.2159470 0.5592891 0.5687445 0.5424047 0.5203917 0.6008746 0.5485157 0.6086945 0.5902248 0.5573869 0.5359882 1.5280846 1.5189437 1.5461805 1.4882117 1.4116465 1.4251995 1.4941127 1.5993550 1.6330090 1.5483698 1.5200737 1.5280986 1.5865474 1.6161715 1.6155765 1.4590252 1.6271524 1.6982342 1.5801312 1.5634531 1.4133928 1.6780276 1.6265965 1.4536881 1.5634195 1.5492395 1.4557330 1.5162377 1.5515773 1.3603344 1.4054690 1.4158365 1.5235457 1.4597556 1.6640106 1.6376531 1.4859493 1.3893408 1.5853689 5.3308719 0.8209856 0.9141846 1.9553853 0.8714187 2.0545975 
AKR1B4|NP_036630.1|Rattus                                          1.3330492 1.3272650 1.3581267 1.3654063 0.1785205 0.1451746 0.0332504 0.0000000 0.2139399 0.2189798 0.5554250 0.5562135 0.5153691 0.5014693 0.5795077 0.5353692 0.5989017 0.5697585 0.5481048 0.5305390 1.5495987 1.5404090 1.5652508 1.5086264 1.4313697 1.4440545 1.5206099 1.6179185 1.6549056 1.5426099 1.5143687 1.5476937 1.5876588 1.6172478 1.6362560 1.4579223 1.6253722 1.6963213 1.6027769 1.5553343 1.4310804 1.6991428 1.6276597 1.4752278 1.5815729 1.5714307 1.4789802 1.5403000 1.5761765 1.3590121 1.4116901 1.4220864 1.5429345 1.4800403 1.6730192 1.6409215 1.4510235 1.3588105 1.5486722 5.4746544 0.8130434 0.9058903 1.9097165 0.8736208 2.0048764 
AKR1B5|P16116.2|Bos                                                1.4079104 1.3744293 1.3870554 1.4010123 0.1726400 0.1696534 0.2172566 0.2139399 0.0000000 0.1286284 0.5717492 0.5804832 0.5574026 0.5030691 0.6455343 0.5567376 0.6044726 0.5871634 0.5550209 0.5113119 1.4618174 1.4427742 1.4627838 1.5028094 1.3540956 1.3903171 1.4541276 1.5138070 1.6441992 1.6164116 1.5797738 1.4621234 1.5631738 1.6013382 1.6121107 1.4271935 1.6042990 1.6800056 1.4760805 1.5114806 1.3331676 1.5882762 1.6115929 1.4569163 1.5985647 1.5134436 1.4345832 1.4549111 1.4904933 1.3196974 1.3913053 1.3536196 1.4343382 1.4592271 1.6973129 1.6540380 1.3983913 1.2560378 1.4865760 6.0259405 0.8556383 0.9394611 2.0693986 0.9052126 2.0594293 
AKR1B6|P80276.2|Sus                                                1.2833000 1.2725167 1.2779717 1.2989862 0.1662745 0.1773350 0.2159470 0.2189798 0.1286284 0.0000000 0.5624178 0.5788579 0.5572456 0.5041402 0.6673141 0.5615144 0.6318669 0.5970680 0.5854944 0.5393589 1.4255303 1.4067048 1.4475730 1.4263304 1.3381025 1.4159771 1.4333095 1.4913209 1.6636728 1.4966393 1.4634800 1.4439968 1.5212566 1.5834853 1.6136861 1.3826530 1.5836285 1.6804501 1.4801159 1.5216750 1.4115405 1.5629809 1.5936625 1.3988392 1.5572079 1.4342908 1.4003544 1.4268905 1.4690956 1.2980927 1.3781826 1.3321844 1.4184888 1.4369454 1.6047911 1.5621518 1.4012163 1.3004803 1.5075795 5.8806316 0.8331278 0.9391921 2.0579446 0.9566731 1.9614148 
AKR1B7|P21300.4|Mus                                                1.4518943 1.4272101 1.4172372 1.4140622 0.4871600 0.5027921 0.5592891 0.5554250 0.5717492 0.5624178 0.0000000 0.2447057 0.2896791 0.2845462 0.6004527 0.2503238 0.1588238 0.3464426 0.1824599 0.3001883 1.6406646 1.5995397 1.6375454 1.5683467 1.5651946 1.6887259 1.5701144 1.7317095 1.7734525 1.6871710 1.6529304 1.6422320 1.7612737 1.7591418 1.8565696 1.6190274 1.6976085 1.7664935 1.7520044 1.7128808 1.6478571 1.8872334 1.7700758 1.6519286 1.7460178 1.6412081 1.6734811 1.6729868 1.7039565 1.5083423 1.6160059 1.6449851 1.6752290 1.6990480 1.7793620 1.6846613 1.4466712 1.4961680 1.4969530 5.8787744 0.8452714 0.9059277 2.1863339 1.0275010 2.1036564 
AKR1B8|NP_032038.1|Mus                                             1.3998404 1.4084273 1.3870447 1.3622985 0.5124224 0.4968438 0.5687445 0.5562135 0.5804832 0.5788579 0.2447057 0.0000000 0.0899581 0.2519173 0.5846704 0.0632406 0.2319239 0.2977160 0.2271144 0.2102901 1.5687175 1.5312287 1.6595567 1.5792881 1.5328249 1.7351837 1.6086203 1.7878110 1.8176728 1.6988388 1.6620386 1.5989157 1.6908291 1.6549256 1.8136794 1.6177044 1.6964109 1.7878677 1.8056695 1.6423833 1.6266162 1.8252130 1.6653733 1.5581120 1.7102200 1.6096895 1.5935460 1.5752460 1.6118371 1.5448251 1.6355922 1.6449242 1.6558765 1.6485844 1.7460609 1.6395311 1.4938125 1.4729722 1.5573644 5.6620512 0.8719867 0.9156467 2.0665908 0.9998601 2.0638625 
AKR1B9|AAC53199.1|Cricetulus                                       1.4650945 1.4466046 1.4454297 1.4240446 0.4825966 0.4824298 0.5424047 0.5153691 0.5574026 0.5572456 0.2896791 0.0899581 0.0000000 0.2355669 0.5953613 0.1029694 0.2773977 0.2756196 0.2782466 0.1952204 1.4890199 1.4527318 1.5534627 1.4835765 1.5105101 1.6599658 1.5242159 1.6769264 1.7145162 1.6555759 1.6367564 1.5300152 1.5985741 1.5620899 1.6960093 1.5242562 1.6164768 1.6924409 1.7156521 1.6509804 1.5176431 1.7060872 1.5721225 1.5207282 1.6275046 1.5351075 1.5249032 1.5104930 1.5459886 1.4476132 1.5241086 1.5331063 1.5773161 1.5609281 1.6630155 1.5783660 1.3783172 1.4048487 1.4588570 5.3438374 0.9115670 0.9553469 1.9562781 1.0092583 1.9894730 
AKR1B10|NP_064695.3|Homo                                           1.4287576 1.3797332 1.3956414 1.4037714 0.4893033 0.4691917 0.5203917 0.5014693 0.5030691 0.5041402 0.2845462 0.2519173 0.2355669 0.0000000 0.5675575 0.2576081 0.3313606 0.0968543 0.2531513 0.1939272 1.5161659 1.4750359 1.5324534 1.5062496 1.4255463 1.5451283 1.5167008 1.6522011 1.6708181 1.6555988 1.6317786 1.4993742 1.6737563 1.6463573 1.6800310 1.4534523 1.5915114 1.7049322 1.6757122 1.5460152 1.4518311 1.7690451 1.6568213 1.5435721 1.6255423 1.5596234 1.4869219 1.5484879 1.5765716 1.3801143 1.5419164 1.4862137 1.4999674 1.5270809 1.6904387 1.6366531 1.3548855 1.3189670 1.3827167 5.9985591 0.9200791 0.9628576 2.1516673 0.9342281 2.1131697 
AKR1B12|CAC40811.1|Gallus                                          1.5420313 1.5346487 1.5861852 1.5406788 0.5905149 0.5960863 0.6008746 0.5795077 0.6455343 0.6673141 0.6004527 0.5846704 0.5953613 0.5675575 0.0000000 0.5986231 0.6524604 0.6410690 0.6375875 0.6647330 1.3798189 1.3613959 1.4001576 1.3436586 1.3300334 1.3987365 1.4714734 1.5054689 1.6673038 1.6126092 1.5792707 1.4071035 1.5148558 1.5151856 1.5707145 1.4059651 1.4793607 1.5382636 1.5550016 1.3976095 1.4225433 1.5265477 1.5064108 1.3913553 1.5172089 1.4129054 1.3895576 1.4457580 1.4863276 1.2671495 1.5080235 1.4521350 1.4021862 1.4171192 1.5691292 1.5687177 1.4413975 1.3944674 1.5359758 5.7973549 0.8609430 0.7902379 1.9348165 1.0708331 1.9142106 
AKR1B13|CAC80649.1|Rattus                                          1.4329475 1.4303873 1.4019069 1.3768999 0.4781081 0.4722500 0.5485157 0.5353692 0.5567376 0.5615144 0.2503238 0.0632406 0.1029694 0.2576081 0.5986231 0.0000000 0.2437543 0.2834137 0.2297382 0.2292614 1.5958695 1.5578414 1.6767495 1.5954520 1.5768543 1.7525093 1.6385178 1.7204730 1.8515282 1.7408169 1.7032601 1.6284352 1.7071534 1.6507231 1.8738673 1.6609778 1.6922121 1.8103881 1.7539060 1.6429886 1.6358581 1.8325173 1.6611835 1.6048687 1.7155905 1.6262270 1.6318379 1.6065758 1.6477379 1.5599124 1.6415029 1.6579259 1.6922685 1.6811756 1.7299187 1.6575704 1.4705257 1.4697743 1.5336611 5.5247618 0.9006832 0.9273365 2.1190800 1.0143668 2.0909566 
AKR1B14|NP_446233.2|Rattus                                         1.4844685 1.4614462 1.4283826 1.4032036 0.5447344 0.5371093 0.6086945 0.5989017 0.6044726 0.6318669 0.1588238 0.2319239 0.2773977 0.3313606 0.6524604 0.2437543 0.0000000 0.3637805 0.1514603 0.2885640 1.6046448 1.5601929 1.6710050 1.6093762 1.5664696 1.6333080 1.5664229 1.7762755 1.7380365 1.7781213 1.7426304 1.6272431 1.6925181 1.6803241 1.7666701 1.5944720 1.6828767 1.7188512 1.7723950 1.6847530 1.6657012 1.7608459 1.6908216 1.6400757 1.6910719 1.6705855 1.6151366 1.6137022 1.6389576 1.5044232 1.5870772 1.5605684 1.6593293 1.6577695 1.7183972 1.6828310 1.4996704 1.4838478 1.5738588 5.4963119 0.9034571 0.9241910 2.2274200 1.0582977 2.2122146 
AKR1B15|EAL24068.1|Homo                                            1.5599574 1.5452261 1.5615449 1.5444301 0.5751741 0.5399522 0.5902248 0.5697585 0.5871634 0.5970680 0.3464426 0.2977160 0.2756196 0.0968543 0.6410690 0.2834137 0.3637805 0.0000000 0.2970966 0.2641675 1.5943345 1.5731073 1.6272155 1.6203863 1.5720209 1.6019673 1.6048305 1.7001489 1.7126243 1.7178212 1.6932828 1.6992905 1.7987372 1.7689053 1.8461896 1.5702279 1.7295945 1.7970468 1.7215568 1.7518574 1.5507946 1.8234961 1.7799720 1.5987802 1.7553761 1.6768163 1.6544750 1.6782745 1.6968672 1.5160985 1.6672851 1.5875057 1.6433961 1.6457464 1.7980427 1.7274279 1.4736666 1.4387443 1.5175688 6.2082746 1.0260277 1.0185575 2.2434457 1.0653370 2.2025037 
AKR1B18|NP_001013102.1|Rattus                                      1.5337083 1.5101733 1.5036721 1.4771816 0.5172084 0.4938402 0.5573869 0.5481048 0.5550209 0.5854944 0.1824599 0.2271144 0.2782466 0.2531513 0.6375875 0.2297382 0.1514603 0.2970966 0.0000000 0.2908571 1.6288339 1.5857874 1.6344237 1.6260579 1.5488575 1.6327642 1.5894332 1.7407104 1.7314198 1.7482763 1.7131098 1.6261789 1.7270661 1.7116483 1.7920303 1.6609767 1.6723481 1.7137971 1.7217266 1.7114087 1.6204894 1.7974222 1.7223542 1.6657341 1.7216915 1.6880346 1.6206441 1.6924067 1.7367847 1.4862150 1.6038503 1.5914640 1.6466381 1.6902578 1.8124069 1.7275885 1.4983113 1.5044189 1.5506893 5.7966649 0.8837560 0.9103715 2.1329769 1.0685804 2.1762810 
AKR1B19|NP_001254517.1|Oryctolagus                                 1.4003260 1.3837774 1.3883655 1.3636093 0.4588492 0.4678730 0.5359882 0.5305390 0.5113119 0.5393589 0.3001883 0.2102901 0.1952204 0.1939272 0.6647330 0.2292614 0.2885640 0.2641675 0.2908571 0.0000000 1.5263924 1.4989666 1.6193350 1.5647135 1.4772113 1.6594180 1.5597010 1.7239806 1.7092985 1.6997279 1.6629821 1.6016808 1.6388371 1.6873085 1.7336810 1.4254249 1.6633369 1.7466453 1.6975434 1.6892435 1.5066585 1.7851833 1.6980048 1.5900588 1.6500777 1.5966584 1.5618949 1.5397606 1.5996773 1.4209247 1.5859362 1.4861613 1.5494415 1.5552158 1.7024637 1.6930640 1.3746011 1.3890672 1.4478944 5.6187967 0.9748740 1.0466505 1.9070115 0.9190995 2.1115536 
AKR1C1|NP_001344.2|Homo                                            1.7687423 1.7326233 1.7702843 1.7080138 1.4074903 1.4367644 1.5280846 1.5495987 1.4618174 1.4255303 1.6406646 1.5687175 1.4890199 1.5161659 1.3798189 1.5958695 1.6046448 1.5943345 1.6288339 1.5263924 0.0000000 0.0230734 0.1504264 0.2297328 0.2805360 0.3488072 0.3407194 0.5078701 0.5317234 0.8794620 0.8921178 0.3425076 0.5669452 0.6151341 0.5430966 0.5100728 0.5617025 0.5725648 0.4442398 0.4636938 0.4042799 0.4399662 0.6143132 0.2569512 0.5515489 0.2287437 0.3830701 0.3622353 0.3537570 0.2952602 0.3288801 0.3338383 0.2524569 0.3301676 0.6059464 0.5597158 0.9393308 0.9109695 0.9567224 4.4769536 1.4849762 1.5115967 2.1488499 1.4335175 2.1669729 
AKR1C2|NP_001345.1|Homo                                            1.7687083 1.7453027 1.7714563 1.7089833 1.3889817 1.4179460 1.5189437 1.5404090 1.4427742 1.4067048 1.5995397 1.5312287 1.4527318 1.4750359 1.3613959 1.5578414 1.5601929 1.5731073 1.5857874 1.4989666 0.0230734 0.0000000 0.1639918 0.2494666 0.3021865 0.3716831 0.3633194 0.5289543 0.5478007 0.8988238 0.9116176 0.3553079 0.5735994 0.6220761 0.5554557 0.5327063 0.5642561 0.5572890 0.4598330 0.4673004 0.4162999 0.4346691 0.6212645 0.2754255 0.5581156 0.2528771 0.3831310 0.3695675 0.3719543 0.3119975 0.3462562 0.3612657 0.2774403 0.3573187 0.6128043 0.5728041 0.9370715 0.9070883 0.9638127 4.4160671 1.4943556 1.5128710 2.1280514 1.4223377 2.1717290 
AKR1C3|NP_003730.4|Homo                                            1.9299239 1.8802373 1.9243436 1.8633709 1.4263556 1.4783190 1.5461805 1.5652508 1.4627838 1.4475730 1.6375454 1.6595567 1.5534627 1.5324534 1.4001576 1.6767495 1.6710050 1.6272155 1.6344237 1.6193350 0.1504264 0.1639918 0.0000000 0.2135552 0.3253680 0.3626444 0.3859914 0.4690627 0.5077873 0.8426700 0.8551083 0.3422007 0.6079835 0.6633146 0.5098752 0.5296615 0.6155333 0.6107776 0.4167225 0.4895037 0.3918837 0.4622601 0.6625657 0.3143393 0.5929642 0.2150665 0.3798874 0.3718152 0.3646405 0.3096031 0.3586626 0.3513550 0.2881803 0.3488078 0.6442429 0.6081647 1.0306661 0.9708141 1.0668915 4.7244463 1.4899527 1.5752478 2.2295032 1.4477905 2.2372268 
AKR1C4|P17516.3|Homo                                               1.8123813 1.7955978 1.7974035 1.7399857 1.4170953 1.4814856 1.4882117 1.5086264 1.5028094 1.4263304 1.5683467 1.5792881 1.4835765 1.5062496 1.3436586 1.5954520 1.6093762 1.6203863 1.6260579 1.5647135 0.2297328 0.2494666 0.2135552 0.0000000 0.3081378 0.3682478 0.4031546 0.5208630 0.5232892 0.8970248 0.9049336 0.3691923 0.5954599 0.6253844 0.5285301 0.5056826 0.5871404 0.6119536 0.4653966 0.5224732 0.4341513 0.4624815 0.6245817 0.3046975 0.5912670 0.0675322 0.3797931 0.3780369 0.3868138 0.3497740 0.3617570 0.3418212 0.2924288 0.3673114 0.6161400 0.5843013 0.9902279 0.9458189 0.9991115 4.5110020 1.4917749 1.5048428 2.1439683 1.5032757 2.2603325 
AKR1C5|P80508.1|Oryctolagus                                        1.8781679 1.8560256 1.8571285 1.8398600 1.2871280 1.3456622 1.4116465 1.4313697 1.3540956 1.3381025 1.5651946 1.5328249 1.5105101 1.4255463 1.3300334 1.5768543 1.5664696 1.5720209 1.5488575 1.4772113 0.2805360 0.3021865 0.3253680 0.3081378 0.0000000 0.2955844 0.3951567 0.4969777 0.4666716 0.8730746 0.8855304 0.4055518 0.6644114 0.6632419 0.4794542 0.4717231 0.6177257 0.6586084 0.4437275 0.4726393 0.3505570 0.4471327 0.6624847 0.3068106 0.6357394 0.3075737 0.2743650 0.2907458 0.2966983 0.1989415 0.2426485 0.2424053 0.1018860 0.3242367 0.6739973 0.6103843 0.9238197 0.9370948 0.9731023 4.7167249 1.4414427 1.3987623 2.1723371 1.4263143 2.3069104 
AKR1C6|NP_085114.1|Mus                                             1.9411233 1.8570603 1.9339549 1.8895646 1.3825023 1.4469619 1.4251995 1.4440545 1.3903171 1.4159771 1.6887259 1.7351837 1.6599658 1.5451283 1.3987365 1.7525093 1.6333080 1.6019673 1.6327642 1.6594180 0.3488072 0.3716831 0.3626444 0.3682478 0.2955844 0.0000000 0.4663527 0.4939843 0.4635910 0.8262787 0.8374380 0.4664989 0.6121001 0.6386574 0.4643121 0.4984070 0.6271186 0.6160085 0.4507473 0.5139305 0.1464996 0.3884507 0.6378677 0.3515401 0.6118817 0.3559740 0.3688368 0.3756565 0.3832382 0.3443084 0.3710406 0.3455307 0.2978909 0.3496912 0.6101491 0.5809397 0.9399091 0.9516515 0.9899977 4.3340621 1.3979525 1.3787101 2.1405685 1.4586978 2.1692341 
AKR1C7|P05980.3|Bos                                                1.9002175 1.8692016 1.8710352 1.8554224 1.3604756 1.4160153 1.4941127 1.5206099 1.4541276 1.4333095 1.5701144 1.6086203 1.5242159 1.5167008 1.4714734 1.6385178 1.5664229 1.6048305 1.5894332 1.5597010 0.3407194 0.3633194 0.3859914 0.4031546 0.3951567 0.4663527 0.0000000 0.5439876 0.5515153 0.9215310 0.9143147 0.1787659 0.6133144 0.6339242 0.5949085 0.4833697 0.5675800 0.5983517 0.4950927 0.6103366 0.4722644 0.5549607 0.6331271 0.3832247 0.6118092 0.4403909 0.4367487 0.4497768 0.4433420 0.4198997 0.4117455 0.3883688 0.3951899 0.4549229 0.6251759 0.6112865 0.9599878 0.9685775 0.9796542 4.6173085 1.4746684 1.4908973 2.1062330 1.4521016 1.9404615 
AKR1C8|P51652.1|Rattus                                             2.0335051 2.0058831 2.0127507 1.9864187 1.5079449 1.5332173 1.5993550 1.6179185 1.5138070 1.4913209 1.7317095 1.7878110 1.6769264 1.6522011 1.5054689 1.7204730 1.7762755 1.7001489 1.7407104 1.7239806 0.5078701 0.5289543 0.4690627 0.5208630 0.4969777 0.4939843 0.5439876 0.0000000 0.5910707 0.9707447 0.9806306 0.6073849 0.6414639 0.6765432 0.5573842 0.6974957 0.6736994 0.6842954 0.0644365 0.6247481 0.5305899 0.5495400 0.6758096 0.4603466 0.6483240 0.5201906 0.5608697 0.5198692 0.5148970 0.5024395 0.5578839 0.5074630 0.4973576 0.4937991 0.6538801 0.6437706 1.0667048 1.1477821 1.1092767 4.2504899 1.5122015 1.6352976 2.2287666 1.5303968 2.0941567 
AKR1C9|P23457.1|Rattus                                             2.0575813 2.0216693 2.0904187 2.0338762 1.5958474 1.6247421 1.6330090 1.6549056 1.6441992 1.6636728 1.7734525 1.8176728 1.7145162 1.6708181 1.6673038 1.8515282 1.7380365 1.7126243 1.7314198 1.7092985 0.5317234 0.5478007 0.5077873 0.5232892 0.4666716 0.4635910 0.5515153 0.5910707 0.0000000 1.0646703 1.0710630 0.5554166 0.6719921 0.6967965 0.1511639 0.7000558 0.6503589 0.6809194 0.5622725 0.6322909 0.5073903 0.5726423 0.6960695 0.5172900 0.6930310 0.5134281 0.5291777 0.4952873 0.5289685 0.4797596 0.5703766 0.5382187 0.4621156 0.4598173 0.6923931 0.6317090 1.0875226 1.1845437 1.1028376 4.0769374 1.5983878 1.6437107 2.3597958 1.6051427 2.1799015 
AKR1C10a|P02532.3|Rana                                             1.9858031 1.9405982 2.0349127 2.0634337 1.5085620 1.5491878 1.5483698 1.5426099 1.6164116 1.4966393 1.6871710 1.6988388 1.6555759 1.6555988 1.6126092 1.7408169 1.7781213 1.7178212 1.7482763 1.6997279 0.8794620 0.8988238 0.8426700 0.8970248 0.8730746 0.8262787 0.9215310 0.9707447 1.0646703 0.0000000 0.0223613 0.9471259 1.0333482 1.0852107 1.0750465 0.9790589 1.1180990 1.1473658 0.9026129 0.9322857 0.8070251 0.9266903 1.0849179 0.8840699 1.0173234 0.9266006 0.8307966 0.8483323 0.8738270 0.7961136 0.8421321 0.8293851 0.8862609 0.8725943 1.0462150 0.9942353 1.1507391 1.1334890 1.1510224 5.5281463 1.6742456 1.6359336 2.7486611 1.7374169 2.2929365 
AKR1C10b|P17264.2|Rana                                             2.0099929 1.9643395 2.0596861 2.0816794 1.4832808 1.4969690 1.5200737 1.5143687 1.5797738 1.4634800 1.6529304 1.6620386 1.6367564 1.6317786 1.5792707 1.7032601 1.7426304 1.6932828 1.7131098 1.6629821 0.8921178 0.9116176 0.8551083 0.9049336 0.8855304 0.8374380 0.9143147 0.9806306 1.0710630 0.0223613 0.0000000 0.9398416 1.0463558 1.0984602 1.0983907 0.9704034 1.1423207 1.1610180 0.9129236 0.9384986 0.8255956 0.9387473 1.0981813 0.8774106 1.0303844 0.9346267 0.8464992 0.8668353 0.8927451 0.8078362 0.8578852 0.8449707 0.8987360 0.8773671 1.0618578 1.0069665 1.1762826 1.1481891 1.1753162 5.5749471 1.6788668 1.6284263 2.6901850 1.7239968 2.2918379 
AKR1C11|BAA13690.1|Bos                                             1.8426921 1.8386949 1.8268336 1.7812688 1.4147259 1.4556834 1.5280986 1.5476937 1.4621234 1.4439968 1.6422320 1.5989157 1.5300152 1.4993742 1.4071035 1.6284352 1.6272431 1.6992905 1.6261789 1.6016808 0.3425076 0.3553079 0.3422007 0.3691923 0.4055518 0.4664989 0.1787659 0.6073849 0.5554166 0.9471259 0.9398416 0.0000000 0.6476028 0.6202559 0.5816142 0.4694854 0.5799026 0.6167502 0.5456102 0.5609072 0.4545460 0.5310370 0.6194498 0.3571250 0.6371432 0.3926621 0.4314627 0.4854911 0.4800641 0.4329632 0.4478985 0.4320172 0.3979244 0.4884923 0.6504284 0.6302447 0.9370463 0.9318446 0.9346792 4.7601436 1.4961334 1.5380881 2.0511192 1.4399942 2.0409797 
AKR1C12|NP_038805.2|Mus                                            1.9643485 1.9142501 1.9626903 1.9583887 1.5886140 1.5516785 1.5865474 1.5876588 1.5631738 1.5212566 1.7612737 1.6908291 1.5985741 1.6737563 1.5148558 1.7071534 1.6925181 1.7987372 1.7270661 1.6388371 0.5669452 0.5735994 0.6079835 0.5954599 0.6644114 0.6121001 0.6133144 0.6414639 0.6719921 1.0333482 1.0463558 0.6476028 0.0000000 0.0720619 0.6906601 0.7406367 0.1358142 0.1820231 0.6021701 0.4327499 0.6827754 0.6780141 0.0757905 0.6087239 0.1039470 0.5799886 0.5548188 0.5430840 0.5942666 0.5965705 0.6028535 0.6041155 0.6262612 0.6247704 0.1932909 0.2068427 1.2628018 1.2845343 1.2948552 4.4958214 1.5297093 1.5366339 2.1073851 1.6534231 2.1180148 
AKR1C13|NP_038806.2|Mus                                            1.9139723 1.8654517 1.9159654 1.9156707 1.6074478 1.5703370 1.6161715 1.6172478 1.6013382 1.5834853 1.7591418 1.6549256 1.5620899 1.6463573 1.5151856 1.6507231 1.6803241 1.7689053 1.7116483 1.6873085 0.6151341 0.6220761 0.6633146 0.6253844 0.6632419 0.6386574 0.6339242 0.6765432 0.6967965 1.0852107 1.0984602 0.6202559 0.0720619 0.0000000 0.7092585 0.7451163 0.1119673 0.1721723 0.6048195 0.4367554 0.6636987 0.6597535 0.0032456 0.6134520 0.1482876 0.6128205 0.5330376 0.5443187 0.5953705 0.6083334 0.6249010 0.6304172 0.6298428 0.6720591 0.1848898 0.1929919 1.2848577 1.3003432 1.3125309 4.6160249 1.5698497 1.5633674 2.1065224 1.6408842 2.1703026 
AKR1C14|NP_598833.1|Mus                                            2.0502008 2.0195464 2.1082402 2.0666996 1.5420996 1.5999706 1.6155765 1.6362560 1.6121107 1.6136861 1.8565696 1.8136794 1.6960093 1.6800310 1.5707145 1.8738673 1.7666701 1.8461896 1.7920303 1.7336810 0.5430966 0.5554557 0.5098752 0.5285301 0.4794542 0.4643121 0.5949085 0.5573842 0.1511639 1.0750465 1.0983907 0.5816142 0.6906601 0.7092585 0.0000000 0.7490776 0.6679345 0.6850868 0.5168401 0.5928162 0.4962055 0.5259284 0.7085526 0.5014438 0.7147104 0.5268987 0.5126681 0.4975814 0.5351452 0.4702557 0.5711503 0.5514387 0.4787600 0.4697739 0.6961061 0.6561714 1.0900891 1.1984790 1.1508098 4.2865665 1.5720323 1.6170406 2.2856650 1.6752222 2.2652650 
AKR1C15|2008147B|Rattus                                            1.9910695 1.9813432 1.9466267 1.9223703 1.3660642 1.4179611 1.4590252 1.4579223 1.4271935 1.3826530 1.6190274 1.6177044 1.5242562 1.4534523 1.4059651 1.6609778 1.5944720 1.5702279 1.6609767 1.4254249 0.5100728 0.5327063 0.5296615 0.5056826 0.4717231 0.4984070 0.4833697 0.6974957 0.7000558 0.9790589 0.9704034 0.4694854 0.7406367 0.7451163 0.7490776 0.0000000 0.7407741 0.7368924 0.6619746 0.7289951 0.5438242 0.6932856 0.7444491 0.5575250 0.7564059 0.5295696 0.5011483 0.5712819 0.5770473 0.4922780 0.5165351 0.4856025 0.4880333 0.5495470 0.8013751 0.7968383 1.0375109 1.0416687 1.0511641 4.8527708 1.5670333 1.5273493 2.1971968 1.4238135 2.0543934 
AKR1C16|2008147A|Rattus                                            1.9411437 1.8816946 1.9354457 1.8969618 1.6361257 1.5741927 1.6271524 1.6253722 1.6042990 1.5836285 1.6976085 1.6964109 1.6164768 1.5915114 1.4793607 1.6922121 1.6828767 1.7295945 1.6723481 1.6633369 0.5617025 0.5642561 0.6155333 0.5871404 0.6177257 0.6271186 0.5675800 0.6736994 0.6503589 1.1180990 1.1423207 0.5799026 0.1358142 0.1119673 0.6679345 0.7407741 0.0000000 0.0869937 0.5986017 0.4438116 0.6593326 0.6805109 0.1158015 0.5644184 0.1125890 0.5948286 0.5319800 0.5433037 0.5960674 0.5525009 0.5910218 0.6058946 0.5858517 0.6246801 0.1878451 0.2015267 1.2891415 1.3093664 1.2671111 4.3981169 1.5918865 1.5744032 2.1162345 1.6225316 2.2542233 
AKR1C17|2008147C|Rattus                                            1.9861974 1.9281693 1.9783901 1.9393289 1.7098160 1.6434120 1.6982342 1.6963213 1.6800056 1.6804501 1.7664935 1.7878677 1.6924409 1.7049322 1.5382636 1.8103881 1.7188512 1.7970468 1.7137971 1.7466453 0.5725648 0.5572890 0.6107776 0.6119536 0.6586084 0.6160085 0.5983517 0.6842954 0.6809194 1.1473658 1.1610180 0.6167502 0.1820231 0.1721723 0.6850868 0.7368924 0.0869937 0.0000000 0.6183900 0.4962831 0.6299286 0.6418532 0.1762397 0.5867956 0.1473411 0.6069081 0.5566594 0.5630325 0.6159960 0.5910365 0.6245081 0.6361525 0.6100805 0.6364705 0.2396141 0.2348592 1.3698724 1.3848047 1.3452340 4.5601197 1.6480699 1.6273396 2.2042323 1.7735100 2.3402378 
AKR1C18|NP_001333464.1|Mus                                         1.9821281 1.9508567 1.9537150 1.9255923 1.4588785 1.5000905 1.5801312 1.6027769 1.4760805 1.4801159 1.7520044 1.8056695 1.7156521 1.6757122 1.5550016 1.7539060 1.7723950 1.7215568 1.7217266 1.6975434 0.4442398 0.4598330 0.4167225 0.4653966 0.4437275 0.4507473 0.4950927 0.0644365 0.5622725 0.9026129 0.9129236 0.5456102 0.6021701 0.6048195 0.5168401 0.6619746 0.5986017 0.6183900 0.0000000 0.6124714 0.4873033 0.4756668 0.6039165 0.4250362 0.5930295 0.4677854 0.5209547 0.4481109 0.4496371 0.4460383 0.4918845 0.4494413 0.4331024 0.4532733 0.6092083 0.5875042 1.0220196 1.0916404 1.0663945 4.3236394 1.5101829 1.5951761 2.2045563 1.5153469 2.1488497 
AKR1C19|NP_001013807.2|Mus                                         1.9601050 1.9138081 1.9261798 1.8886473 1.4711555 1.5299422 1.5634531 1.5553343 1.5114806 1.5216750 1.7128808 1.6423833 1.6509804 1.5460152 1.3976095 1.6429886 1.6847530 1.7518574 1.7114087 1.6892435 0.4636938 0.4673004 0.4895037 0.5224732 0.4726393 0.5139305 0.6103366 0.6247481 0.6322909 0.9322857 0.9384986 0.5609072 0.4327499 0.4367554 0.5928162 0.7289951 0.4438116 0.4962831 0.6124714 0.0000000 0.5470166 0.5665548 0.4374032 0.5133662 0.4587605 0.5203684 0.4704842 0.5107133 0.5509651 0.4327388 0.5466324 0.5543582 0.4632086 0.5212259 0.4798799 0.4721775 1.1619675 1.1388671 1.1998831 4.2043952 1.5236569 1.4993308 2.2644582 1.4991026 2.0083120 
AKR1C20|NP_473421.1|Mus                                            1.8509714 1.7723525 1.8409163 1.8171348 1.3559176 1.4582690 1.4133928 1.4310804 1.3331676 1.4115405 1.6478571 1.6266162 1.5176431 1.4518311 1.4225433 1.6358581 1.6657012 1.5507946 1.6204894 1.5066585 0.4042799 0.4162999 0.3918837 0.4341513 0.3505570 0.1464996 0.4722644 0.5305899 0.5073903 0.8070251 0.8255956 0.4545460 0.6827754 0.6636987 0.4962055 0.5438242 0.6593326 0.6299286 0.4873033 0.5470166 0.0000000 0.4563135 0.6617578 0.3828643 0.6876900 0.4352506 0.3737376 0.4020410 0.4253751 0.3483622 0.4589192 0.4134821 0.3607852 0.3983964 0.6739645 0.6546361 0.9989352 0.9756553 1.0211675 4.8337752 1.3922932 1.3800076 2.2764547 1.3639566 2.2418368 
AKR1C21|NP_084177.2|Mus                                            1.9963672 1.9521909 1.9770265 1.9339051 1.5429301 1.5932013 1.6780276 1.6991428 1.5882762 1.5629809 1.8872334 1.8252130 1.7060872 1.7690451 1.5265477 1.8325173 1.7608459 1.8234961 1.7974222 1.7851833 0.4399662 0.4346691 0.4622601 0.4624815 0.4471327 0.3884507 0.5549607 0.5495400 0.5726423 0.9266903 0.9387473 0.5310370 0.6780141 0.6597535 0.5259284 0.6932856 0.6805109 0.6418532 0.4756668 0.5665548 0.4563135 0.0000000 0.6589880 0.4679840 0.6711172 0.4798023 0.4917636 0.5033384 0.5107436 0.4701423 0.5098757 0.4939401 0.4283639 0.5277917 0.6590869 0.6520075 1.0262948 1.0340622 1.1128202 4.5392914 1.6582576 1.5835258 2.3883771 1.7122928 2.4723193 
AKR1C22|BAD02825.1|Mus                                             1.9035167 1.8551939 1.9054581 1.9051244 1.6177210 1.5804942 1.6265965 1.6276597 1.6115929 1.5936625 1.7700758 1.6653733 1.5721225 1.6568213 1.5064108 1.6611835 1.6908216 1.7799720 1.7223542 1.6980048 0.6143132 0.6212645 0.6625657 0.6245817 0.6624847 0.6378677 0.6331271 0.6758096 0.6960695 1.0849179 1.0981813 0.6194498 0.0757905 0.0032456 0.7085526 0.7444491 0.1158015 0.1762397 0.6039165 0.4374032 0.6617578 0.6589880 0.0000000 0.6119163 0.1522145 0.6119986 0.5315575 0.5433886 0.5945116 0.6075009 0.6240925 0.6296164 0.6290395 0.6713078 0.1890037 0.1970993 1.2847508 1.3002504 1.3124485 4.6250472 1.5603737 1.5738860 2.1199053 1.6514246 2.1834315 
AKR1C23|AAY16444.1|Equus                                           1.8748468 1.8389268 1.8893780 1.8309137 1.4185311 1.4016112 1.4536881 1.4752278 1.4569163 1.3988392 1.6519286 1.5581120 1.5207282 1.5435721 1.3913553 1.6048687 1.6400757 1.5987802 1.6657341 1.5900588 0.2569512 0.2754255 0.3143393 0.3046975 0.3068106 0.3515401 0.3832247 0.4603466 0.5172900 0.8840699 0.8774106 0.3571250 0.6087239 0.6134520 0.5014438 0.5575250 0.5644184 0.5867956 0.4250362 0.5133662 0.3828643 0.4679840 0.6119163 0.0000000 0.5806835 0.2990141 0.3726218 0.3735086 0.3687271 0.3085259 0.3191233 0.3294168 0.2917692 0.3823182 0.5944631 0.5338607 0.9410632 0.9468660 0.9836044 4.2806102 1.4521669 1.4208399 2.2237720 1.5320308 2.2784815 
AKR1C24|BAE75957.1|Rattus                                          2.0362099 1.9745126 2.0256083 2.0195293 1.6110728 1.5573529 1.5634195 1.5815729 1.5985647 1.5572079 1.7460178 1.7102200 1.6275046 1.6255423 1.5172089 1.7155905 1.6910719 1.7553761 1.7216915 1.6500777 0.5515489 0.5581156 0.5929642 0.5912670 0.6357394 0.6118817 0.6118092 0.6483240 0.6930310 1.0173234 1.0303844 0.6371432 0.1039470 0.1482876 0.7147104 0.7564059 0.1125890 0.1473411 0.5930295 0.4587605 0.6876900 0.6711172 0.1522145 0.5806835 0.0000000 0.5921144 0.5546308 0.5443296 0.5964487 0.5835179 0.5822555 0.5873325 0.6186095 0.6294246 0.2063578 0.2214403 1.3127508 1.3331997 1.3104571 4.3116891 1.5923074 1.5499937 2.0600035 1.6755889 2.2563581 
AKR1C25|BAB63209.2|Macaca                                          1.8398227 1.8038304 1.8135853 1.7575197 1.4422675 1.4945083 1.5492395 1.5714307 1.5134436 1.4342908 1.6412081 1.6096895 1.5351075 1.5596234 1.4129054 1.6262270 1.6705855 1.6768163 1.6880346 1.5966584 0.2287437 0.2528771 0.2150665 0.0675322 0.3075737 0.3559740 0.4403909 0.5201906 0.5134281 0.9266006 0.9346267 0.3926621 0.5799886 0.6128205 0.5268987 0.5295696 0.5948286 0.6069081 0.4677854 0.5203684 0.4352506 0.4798023 0.6119986 0.2990141 0.5921144 0.0000000 0.3880001 0.3604889 0.3750618 0.3372686 0.3455197 0.3291071 0.2813780 0.3708384 0.6128562 0.5591545 0.9946708 0.9602743 1.0092350 4.6007145 1.4771673 1.4785073 2.1866699 1.5055484 2.1933377 
AKR1C26|BAM37087.1|Oryctolagus                                     1.8721747 1.8773929 1.9089417 1.9133143 1.3135514 1.4156743 1.4557330 1.4789802 1.4345832 1.4003544 1.6734811 1.5935460 1.5249032 1.4869219 1.3895576 1.6318379 1.6151366 1.6544750 1.6206441 1.5618949 0.3830701 0.3831310 0.3798874 0.3797931 0.2743650 0.3688368 0.4367487 0.5608697 0.5291777 0.8307966 0.8464992 0.4314627 0.5548188 0.5330376 0.5126681 0.5011483 0.5319800 0.5566594 0.5209547 0.4704842 0.3737376 0.4917636 0.5315575 0.3726218 0.5546308 0.3880001 0.0000000 0.1450776 0.1544597 0.2858589 0.2983374 0.2958171 0.2427780 0.3946812 0.5233368 0.5421212 1.0226374 1.0562971 1.0789734 4.6343618 1.4455348 1.4757877 2.0803952 1.4937067 2.2226639 
AKR1C27|BAM37088.1|Oryctolagus                                     1.8585132 1.8189535 1.8461332 1.8524483 1.3309605 1.4221489 1.5162377 1.5403000 1.4549111 1.4268905 1.6729868 1.5752460 1.5104930 1.5484879 1.4457580 1.6065758 1.6137022 1.6782745 1.6924067 1.5397606 0.3622353 0.3695675 0.3718152 0.3780369 0.2907458 0.3756565 0.4497768 0.5198692 0.4952873 0.8483323 0.8668353 0.4854911 0.5430840 0.5443187 0.4975814 0.5712819 0.5433037 0.5630325 0.4481109 0.5107133 0.4020410 0.5033384 0.5433886 0.3735086 0.5443296 0.3604889 0.1450776 0.0000000 0.0503639 0.2527696 0.2798013 0.2686777 0.2540768 0.3842140 0.5248709 0.5020656 1.0127598 1.0347294 1.0475786 4.7165163 1.4907706 1.5246606 2.0641615 1.5151652 2.2524737 
AKR1C28|BAM37089.1|Oryctolagus                                     1.9032220 1.8673654 1.8804553 1.8847615 1.3774590 1.4661424 1.5515773 1.5761765 1.4904933 1.4690956 1.7039565 1.6118371 1.5459886 1.5765716 1.4863276 1.6477379 1.6389576 1.6968672 1.7367847 1.5996773 0.3537570 0.3719543 0.3646405 0.3868138 0.2966983 0.3832382 0.4433420 0.5148970 0.5289685 0.8738270 0.8927451 0.4800641 0.5942666 0.5953705 0.5351452 0.5770473 0.5960674 0.6159960 0.4496371 0.5509651 0.4253751 0.5107436 0.5945116 0.3687271 0.5964487 0.3750618 0.1544597 0.0503639 0.0000000 0.2543031 0.2854779 0.2764068 0.2595754 0.3901091 0.5711790 0.5329997 1.0108216 1.0216725 1.0435174 4.8618058 1.4766923 1.5088895 2.1584913 1.5530105 2.2169736 
AKR1C29|BAN20006.1|Oryctolagus                                     1.8135664 1.7562467 1.7806000 1.7660516 1.2710088 1.3195587 1.3603344 1.3590121 1.3196974 1.2980927 1.5083423 1.5448251 1.4476132 1.3801143 1.2671495 1.5599124 1.5044232 1.5160985 1.4862150 1.4209247 0.2952602 0.3119975 0.3096031 0.3497740 0.1989415 0.3443084 0.4198997 0.5024395 0.4797596 0.7961136 0.8078362 0.4329632 0.5965705 0.6083334 0.4702557 0.4922780 0.5525009 0.5910365 0.4460383 0.4327388 0.3483622 0.4701423 0.6075009 0.3085259 0.5835179 0.3372686 0.2858589 0.2527696 0.2543031 0.0000000 0.2042240 0.1852069 0.1954048 0.3240026 0.6108797 0.5511763 0.8787834 0.8854614 0.9005301 4.5522945 1.3580300 1.3863594 2.2047693 1.4635932 2.0634401 
AKR1C30|BAN84250.1|Oryctolagus                                     1.8486431 1.8246925 1.8236935 1.8373684 1.3398216 1.3931285 1.4054690 1.4116901 1.3913053 1.3781826 1.6160059 1.6355922 1.5241086 1.5419164 1.5080235 1.6415029 1.5870772 1.6672851 1.6038503 1.5859362 0.3288801 0.3462562 0.3586626 0.3617570 0.2426485 0.3710406 0.4117455 0.5578839 0.5703766 0.8421321 0.8578852 0.4478985 0.6028535 0.6249010 0.5711503 0.5165351 0.5910218 0.6245081 0.4918845 0.5466324 0.4589192 0.5098757 0.6240925 0.3191233 0.5822555 0.3455197 0.2983374 0.2798013 0.2854779 0.2042240 0.0000000 0.0723252 0.2047260 0.3885088 0.6078993 0.5567617 0.9350026 0.8814588 0.9626446 4.4605454 1.4621771 1.4866332 2.1875249 1.5288497 2.2484925 
AKR1C31|BAN84251.1|Oryctolagus                                     1.8652178 1.8397571 1.8623832 1.8762582 1.3266729 1.3920031 1.4158365 1.4220864 1.3536196 1.3321844 1.6449851 1.6449242 1.5331063 1.4862137 1.4521350 1.6579259 1.5605684 1.5875057 1.5914640 1.4861613 0.3338383 0.3612657 0.3513550 0.3418212 0.2424053 0.3455307 0.3883688 0.5074630 0.5382187 0.8293851 0.8449707 0.4320172 0.6041155 0.6304172 0.5514387 0.4856025 0.6058946 0.6361525 0.4494413 0.5543582 0.4134821 0.4939401 0.6296164 0.3294168 0.5873325 0.3291071 0.2958171 0.2686777 0.2764068 0.1852069 0.0723252 0.0000000 0.2027570 0.3652344 0.6172915 0.5716914 0.8937486 0.8754109 0.9126838 4.4290991 1.4421975 1.4741720 2.0687799 1.5057248 2.0934210 
AKR1C32|BAN84252.1|Oryctolagus                                     1.7904872 1.7554268 1.7878841 1.7780748 1.3648966 1.4398564 1.5235457 1.5429345 1.4343382 1.4184888 1.6752290 1.6558765 1.5773161 1.4999674 1.4021862 1.6922685 1.6593293 1.6433961 1.6466381 1.5494415 0.2524569 0.2774403 0.2881803 0.2924288 0.1018860 0.2978909 0.3951899 0.4973576 0.4621156 0.8862609 0.8987360 0.3979244 0.6262612 0.6298428 0.4787600 0.4880333 0.5858517 0.6100805 0.4331024 0.4632086 0.3607852 0.4283639 0.6290395 0.2917692 0.6186095 0.2813780 0.2427780 0.2540768 0.2595754 0.1954048 0.2047260 0.2027570 0.0000000 0.3169988 0.6193975 0.5858345 0.8930181 0.9119468 0.9311756 4.6612240 1.4418130 1.4262704 2.1141226 1.4566091 2.4138983 
AKR1C33|BAN84253.1|Oryctolagus                                     1.8254952 1.7533036 1.8483310 1.7835788 1.3960182 1.4605592 1.4597556 1.4800403 1.4592271 1.4369454 1.6990480 1.6485844 1.5609281 1.5270809 1.4171192 1.6811756 1.6577695 1.6457464 1.6902578 1.5552158 0.3301676 0.3573187 0.3488078 0.3673114 0.3242367 0.3496912 0.4549229 0.4937991 0.4598173 0.8725943 0.8773671 0.4884923 0.6247704 0.6720591 0.4697739 0.5495470 0.6246801 0.6364705 0.4532733 0.5212259 0.3983964 0.5277917 0.6713078 0.3823182 0.6294246 0.3708384 0.3946812 0.3842140 0.3901091 0.3240026 0.3885088 0.3652344 0.3169988 0.0000000 0.6506557 0.6308914 0.9159970 1.0003508 0.9623904 4.5585263 1.4499403 1.4740462 2.2051990 1.5925360 2.2959276 
AKR1C34|BAP76082.1|Mesocricetus                                    1.8974842 1.9082436 1.8951450 1.8825246 1.6677860 1.6159551 1.6640106 1.6730192 1.6973129 1.6047911 1.7793620 1.7460609 1.6630155 1.6904387 1.5691292 1.7299187 1.7183972 1.7980427 1.8124069 1.7024637 0.6059464 0.6128043 0.6442429 0.6161400 0.6739973 0.6101491 0.6251759 0.6538801 0.6923931 1.0462150 1.0618578 0.6504284 0.1932909 0.1848898 0.6961061 0.8013751 0.1878451 0.2396141 0.6092083 0.4798799 0.6739645 0.6590869 0.1890037 0.5944631 0.2063578 0.6128562 0.5233368 0.5248709 0.5711790 0.6108797 0.6078993 0.6172915 0.6193975 0.6506557 0.0000000 0.1466104 1.2772272 1.2918140 1.2800315 4.5738185 1.6595428 1.6200345 2.2388990 1.7399643 2.2010993 
