8
AKR11A1|P46336.1|Bacillus            0.0000000 1.7005869 2.0531628 1.7293695 2.1487535 2.1237751 0.5702641 2.1069364 
AKR11B1|P80874.2|Bacillus            1.7005869 0.0000000 1.8651247 1.5971723 0.7867054 2.5328008 1.7820034 0.7100340 
AKR11B2|P77256.1|Escherichia         2.0531628 1.8651247 0.0000000 1.8495367 2.1079549 2.1227271 2.2310042 1.9062421 
AKR11B3|ABC69170.1|Synechococcus     1.7293695 1.5971723 1.8495367 0.0000000 1.9255178 2.2885610 1.7186669 1.8858757 
AKR11B4|WP_011253139.1|Gluconobacter 2.1487535 0.7867054 2.1079549 1.9255178 0.0000000 2.7537668 2.0087011 0.6601701 
AKR11C1|Q9KE47|Bacillus              2.1237751 2.5328008 2.1227271 2.2885610 2.7537668 0.0000000 2.1252271 2.6205329 
AKR11D1|ALM30350.1|Bacillus          0.5702641 1.7820034 2.2310042 1.7186669 2.0087011 2.1252271 0.0000000 1.9193477 
AKR11E1|NP_249818.1|Pseudomonas      2.1069364 0.7100340 1.9062421 1.8858757 0.6601701 2.6205329 1.9193477 0.0000000 
