22
AKR2A1|P28475.1|Malus            0.0000000 0.5554445 0.4853531 2.0232078 2.0560496 2.0621608 1.8082133 2.0596324 2.0305026 1.8432161 1.9569969 1.8494242 1.9192692 1.9931517 2.0161311 1.7989361 1.9457283 1.8101430 1.8549155 2.1987113 2.1167866 2.1831953 
AKR2A2|AAB97617.1|Apium          0.5554445 0.0000000 0.4250927 1.8527971 1.8686517 1.8698837 1.5791710 1.8241402 1.8411236 1.5987571 1.7166761 1.5666639 1.6269448 1.7327396 1.7647219 1.8585606 1.8401493 1.8267852 1.7197986 2.2725374 2.0801801 1.9483560 
AKR2A3|QLF98851.1|Oryza          0.4853531 0.4250927 0.0000000 1.7901043 1.7367442 1.7197216 1.5849580 1.7121229 1.7923226 1.6183502 1.5234593 1.5060161 1.5594191 1.8135464 1.7811430 1.6343926 1.8445537 1.7516748 1.7099794 2.0058084 2.0386877 1.9100678 
AKR2B1|P31867.1|Scheffersomyces  2.0232078 1.8527971 1.7901043 0.0000000 0.6964005 0.7018252 0.3720951 0.3213175 0.8227695 0.3799379 0.4327441 0.4758589 0.4762796 1.2812378 1.3619863 0.9060171 1.9524016 1.9334659 1.9858435 2.0891920 2.4445027 2.0943629 
AKR2B2|P49378.1|Kluyveromyces    2.0560496 1.8686517 1.7367442 0.6964005 0.0000000 0.8590615 0.5783709 0.7778167 0.4947750 0.5917845 0.6331818 0.6970577 0.6813459 1.2959844 1.2631649 0.9697733 2.0659554 2.2683783 2.0129795 2.5547934 2.3690773 2.0618457 
AKR2B3|P78736.1|Pachysolen       2.0621608 1.8698837 1.7197216 0.7018252 0.8590615 0.0000000 0.5709883 0.6584908 0.7806159 0.5755768 0.6222518 0.6616365 0.6401155 1.2753018 1.3654468 0.9319949 1.9552468 1.9538885 2.0960390 2.2305101 2.2347727 1.9449372 
AKR2B4|BAA19477.1|Candida        1.8082133 1.5791710 1.5849580 0.3720951 0.5783709 0.5709883 0.0000000 0.2941890 0.7695167 0.0096943 0.3294553 0.2998280 0.2950888 1.1490229 1.3135478 0.7391287 1.8890045 1.8883647 1.9531053 2.3190562 2.1056787 2.0722672 
AKR2B5|AAC25601.1|Yamadazyma     2.0596324 1.8241402 1.7121229 0.3213175 0.7778167 0.6584908 0.2941890 0.0000000 0.8902753 0.2884918 0.4238692 0.4732599 0.4400395 1.3487601 1.5479194 0.9661827 1.9661119 1.9945900 2.1310917 2.3426421 2.1937747 2.1598426 
AKR2B6|NP_011972.1|Saccharomyces 2.0305026 1.8411236 1.7923226 0.8227695 0.4947750 0.7806159 0.7695167 0.8902753 0.0000000 0.7804256 0.7361992 0.8118111 0.8513033 1.2042797 1.2763302 1.0020722 1.8933790 2.1780108 2.0405707 2.3912753 2.3076787 2.1648378 
AKR2B7|BAA19476.1|Candida        1.8432161 1.5987571 1.6183502 0.3799379 0.5917845 0.5755768 0.0096943 0.2884918 0.7804256 0.0000000 0.3341156 0.3115004 0.2991727 1.1805285 1.3452921 0.7666905 1.9335850 1.9179603 1.9775259 2.3423980 2.1304605 2.1049337 
AKR2B8|AAD09330.1|Meyerozyma     1.9569969 1.7166761 1.5234593 0.4327441 0.6331818 0.6222518 0.3294553 0.4238692 0.7361992 0.3341156 0.0000000 0.2428864 0.2708681 1.1692812 1.2632086 0.8316985 1.9930013 2.0915823 2.1163737 2.3528691 2.3201712 2.1850260 
AKR2B9|XP_460932.1|Debaryomyces  1.8494242 1.5666639 1.5060161 0.4758589 0.6970577 0.6616365 0.2998280 0.4732599 0.8118111 0.3115004 0.2428864 0.0000000 0.1056308 1.2322816 1.3163179 0.8059772 1.9015899 2.0428107 2.0244779 2.3835519 2.2004822 2.1712106 
AKR2B10|ALD19729.1|Debaryomyces  1.9192692 1.6269448 1.5594191 0.4762796 0.6813459 0.6401155 0.2950888 0.4400395 0.8513033 0.2991727 0.2708681 0.1056308 0.0000000 1.2061741 1.2850664 0.8200115 1.7999168 1.8425730 1.9099118 2.2720914 2.1881593 2.0524099 
AKR2C1|CAA98021.1|Mucor          1.9931517 1.7327396 1.8135464 1.2812378 1.2959844 1.2753018 1.1490229 1.3487601 1.2042797 1.1805285 1.1692812 1.2322816 1.2061741 0.0000000 0.4345790 0.9951618 2.1507396 2.1546507 2.1548939 2.6289731 2.3890017 2.1783321 
AKR2C2|AHG97682.1|Rhizopus       2.0161311 1.7647219 1.7811430 1.3619863 1.2631649 1.3654468 1.3135478 1.5479194 1.2763302 1.3452921 1.2632086 1.3163179 1.2850664 0.4345790 0.0000000 1.0209163 2.0695685 2.3031098 2.1041790 2.5369911 2.5830115 1.9713358 
AKR2D1|AAF61912.1|Aspergillus    1.7989361 1.8585606 1.6343926 0.9060171 0.9697733 0.9319949 0.7391287 0.9661827 1.0020722 0.7666905 0.8316985 0.8059772 0.8200115 0.9951618 1.0209163 0.0000000 2.0957629 2.0300760 1.9392512 2.4766534 2.3446782 2.0692841 
AKR2E1|CAB41997.1|Spodoptera     1.9457283 1.8401493 1.8445537 1.9524016 2.0659554 1.9552468 1.8890045 1.9661119 1.8933790 1.9335850 1.9930013 1.9015899 1.7999168 2.1507396 2.0695685 2.0957629 0.0000000 1.6304371 1.3596950 1.4710390 1.5543198 1.3354046 
AKR2E2|AAL73387.1|Trichoplusia   1.8101430 1.8267852 1.7516748 1.9334659 2.2683783 1.9538885 1.8883647 1.9945900 2.1780108 1.9179603 2.0915823 2.0428107 1.8425730 2.1546507 2.3031098 2.0300760 1.6304371 0.0000000 0.6847440 1.5154424 1.5151236 1.4775000 
AKR2E4|BAL70378.1|Bombyx         1.8549155 1.7197986 1.7099794 1.9858435 2.0129795 2.0960390 1.9531053 2.1310917 2.0405707 1.9775259 2.1163737 2.0244779 1.9099118 2.1548939 2.1041790 1.9392512 1.3596950 0.6847440 0.0000000 1.4544455 1.2139636 1.1439403 
AKR2E5|BAR91212.1|Bombyx         2.1987113 2.2725374 2.0058084 2.0891920 2.5547934 2.2305101 2.3190562 2.3426421 2.3912753 2.3423980 2.3528691 2.3835519 2.2720914 2.6289731 2.5369911 2.4766534 1.4710390 1.5154424 1.4544455 0.0000000 1.5653069 1.2950382 
AKR2E6|BBD35022.1|Bombyx         2.1167866 2.0801801 2.0386877 2.4445027 2.3690773 2.2347727 2.1056787 2.1937747 2.3076787 2.1304605 2.3201712 2.2004822 2.1881593 2.3890017 2.5830115 2.3446782 1.5543198 1.5151236 1.2139636 1.5653069 0.0000000 0.8767297 
AKR2E8|BCN86447.1|Bombyx         2.1831953 1.9483560 1.9100678 2.0943629 2.0618457 1.9449372 2.0722672 2.1598426 2.1648378 2.1049337 2.1850260 2.1712106 2.0524099 2.1783321 1.9713358 2.0692841 1.3354046 1.4775000 1.1439403 1.2950382 0.8767297 0.0000000 
