23
AKR2A1|P28475.1|Malus            0.0000000 0.5419191 0.4710381 2.0202786 1.9920258 2.0298754 1.7897318 2.0171757 1.9874112 1.8260578 1.9134651 1.8003487 1.8635184 1.9377053 1.9588526 1.7510137 1.8636245 1.7239884 2.4725766 1.8062350 2.1089645 2.0494511 2.0583663 
AKR2A2|AAB97617.1|Apium          0.5419191 0.0000000 0.4159579 1.8184474 1.8112028 1.8234246 1.5512051 1.7713813 1.8080380 1.5713184 1.7057261 1.5516059 1.6109034 1.6780683 1.6968025 1.7888783 1.7702290 1.7297144 1.9796536 1.6581630 2.1480719 1.9948580 1.8639065 
AKR2A3|QLF98851.1|Oryza          0.4710381 0.4159579 0.0000000 1.7705834 1.7060384 1.6796446 1.5391011 1.6385579 1.7640574 1.5718420 1.4926331 1.4707294 1.5179234 1.7657805 1.7289717 1.5915252 1.7770135 1.6721719 2.2465272 1.6363594 1.8806183 1.9654751 1.7690744 
AKR2B1|P31867.1|Scheffersomyces  2.0202786 1.8184474 1.7705834 0.0000000 0.6962520 0.6964234 0.3702142 0.3198684 0.8213055 0.3779232 0.4227180 0.4651673 0.4655626 1.2697350 1.3512112 0.8973456 1.9971934 2.0119351 2.2826144 1.9971411 2.0466824 2.4341651 2.1261007 
AKR2B2|P49378.1|Kluyveromyces    1.9920258 1.8112028 1.7060384 0.6962520 0.0000000 0.8342541 0.5787880 0.7767960 0.4916733 0.5921463 0.6145227 0.6767635 0.6682952 1.2667227 1.2271693 0.9320193 2.0870500 2.3223732 2.2714721 2.0057264 2.5200051 2.3755253 2.0696585 
AKR2B3|P78736.1|Pachysolen       2.0298754 1.8234246 1.6796446 0.6964234 0.8342541 0.0000000 0.5612069 0.6439786 0.7718844 0.5656625 0.6103509 0.6490611 0.6276993 1.2628932 1.3547272 0.9246313 1.9432589 1.9462433 2.2646685 2.0585224 2.2128305 2.1961530 1.9140633 
AKR2B4|BAA19477.1|Candida        1.7897318 1.5512051 1.5391011 0.3702142 0.5787880 0.5612069 0.0000000 0.2929266 0.7689157 0.0096918 0.3243582 0.2954516 0.2907586 1.1295055 1.2959984 0.7273446 1.9262329 1.9414747 2.0674373 1.9582065 2.2634409 2.0997950 2.0905613 
AKR2B5|AAC25601.1|Yamadazyma     2.0171757 1.7713813 1.6385579 0.3198684 0.7767960 0.6439786 0.2929266 0.0000000 0.8879328 0.2872528 0.4112728 0.4595209 0.4271215 1.3191501 1.5129089 0.9452911 2.0083297 2.0402228 2.1318468 2.1333416 2.3412730 2.1879441 2.1926089 
AKR2B6|NP_011972.1|Saccharomyces 1.9874112 1.8080380 1.7640574 0.8213055 0.4916733 0.7718844 0.7689157 0.8879328 0.0000000 0.7798401 0.7216170 0.7959218 0.8416523 1.1974806 1.2599746 0.9790004 1.9242979 2.1989862 2.1553357 2.0476260 2.3604326 2.3126895 2.1813619 
AKR2B7|BAA19476.1|Candida        1.8260578 1.5713184 1.5718420 0.3779232 0.5921463 0.5656625 0.0096918 0.2872528 0.7798401 0.0000000 0.3288646 0.3068215 0.2947061 1.1607672 1.3276064 0.7544374 1.9718551 1.9737986 2.0612435 1.9845808 2.2883139 2.1231831 2.1261885 
AKR2B8|AAD09330.1|Meyerozyma     1.9134651 1.7057261 1.4926331 0.4227180 0.6145227 0.6103509 0.3243582 0.4112728 0.7216170 0.3288646 0.0000000 0.2419099 0.2697392 1.1356848 1.2285872 0.8085070 1.9757629 2.0860308 2.2423422 2.0681166 2.2613986 2.2616725 2.1341270 
AKR2B9|XP_460932.1|Debaryomyces  1.8003487 1.5516059 1.4707294 0.4651673 0.6767635 0.6490611 0.2954516 0.4595209 0.7959218 0.3068215 0.2419099 0.0000000 0.1054656 1.1945698 1.2785905 0.7837026 1.8835176 2.0295655 2.2798137 1.9746562 2.2811391 2.1368626 2.1179796 
AKR2B10|ALD19729.1|Debaryomyces  1.8635184 1.6109034 1.5179234 0.4655626 0.6682952 0.6276993 0.2907586 0.4271215 0.8416523 0.2947061 0.2697392 0.1054656 0.0000000 1.1678617 1.2453270 0.7970665 1.7940072 1.8530126 2.1821163 1.8770313 2.1925862 2.1441204 2.0269446 
AKR2C1|CAA98021.1|Mucor          1.9377053 1.6780683 1.7657805 1.2697350 1.2667227 1.2628932 1.1295055 1.3191501 1.1974806 1.1607672 1.1356848 1.1945698 1.1678617 0.0000000 0.4321826 0.9846804 2.1207882 2.1353820 2.1548298 2.0769749 2.5534553 2.3055321 2.1508059 
AKR2C2|AHG97682.1|Rhizopus       1.9588526 1.6968025 1.7289717 1.3512112 1.2271693 1.3547272 1.2959984 1.5129089 1.2599746 1.3276064 1.2285872 1.2785905 1.2453270 0.4321826 0.0000000 1.0125870 2.0314492 2.2897371 2.1386442 2.0280677 2.4542742 2.4859516 1.9415354 
AKR2D1|AAF61912.1|Aspergillus    1.7510137 1.7888783 1.5915252 0.8973456 0.9320193 0.9246313 0.7273446 0.9452911 0.9790004 0.7544374 0.8085070 0.7837026 0.7970665 0.9846804 1.0125870 0.0000000 2.0652616 2.0204834 2.2042722 1.8831585 2.4349420 2.2731840 2.0197996 
AKR2E1|CAB41997.1|Spodoptera     1.8636245 1.7702290 1.7770135 1.9971934 2.0870500 1.9432589 1.9262329 2.0083297 1.9242979 1.9718551 1.9757629 1.8835176 1.7940072 2.1207882 2.0314492 2.0652616 0.0000000 1.6495505 1.6191042 1.3455282 1.4555201 1.5292784 1.3513123 
AKR2E2|AAL73387.1|Trichoplusia   1.7239884 1.7297144 1.6721719 2.0119351 2.3223732 1.9462433 1.9414747 2.0402228 2.1989862 1.9737986 2.0860308 2.0295655 1.8530126 2.1353820 2.2897371 2.0204834 1.6495505 0.0000000 1.6739320 0.6795498 1.5010301 1.5059460 1.4682629 
AKR2E3|AAD38635.1|Drosophila     2.4725766 1.9796536 2.2465272 2.2826144 2.2714721 2.2646685 2.0674373 2.1318468 2.1553357 2.0612435 2.2423422 2.2798137 2.1821163 2.1548298 2.1386442 2.2042722 1.6191042 1.6739320 0.0000000 1.5618694 1.5919972 1.3726177 1.5598698 
AKR2E4|BAL70378.1|Bombyx         1.8062350 1.6581630 1.6363594 1.9971411 2.0057264 2.0585224 1.9582065 2.1333416 2.0476260 1.9845808 2.0681166 1.9746562 1.8770313 2.0769749 2.0280677 1.8831585 1.3455282 0.6795498 1.5618694 0.0000000 1.4367654 1.1816979 1.1424696 
AKR2E5|BAR91212.1|Bombyx         2.1089645 2.1480719 1.8806183 2.0466824 2.5200051 2.2128305 2.2634409 2.3412730 2.3604326 2.2883139 2.2613986 2.2811391 2.1925862 2.5534553 2.4542742 2.4349420 1.4555201 1.5010301 1.5919972 1.4367654 0.0000000 1.5524454 1.2941807 
AKR2E6|BBD35022.1|Bombyx         2.0494511 1.9948580 1.9654751 2.4341651 2.3755253 2.1961530 2.0997950 2.1879441 2.3126895 2.1231831 2.2616725 2.1368626 2.1441204 2.3055321 2.4859516 2.2731840 1.5292784 1.5059460 1.3726177 1.1816979 1.5524454 0.0000000 0.8558110 
AKR2E7|BCN86447.1|Bombyx         2.0583663 1.8639065 1.7690744 2.1261007 2.0696585 1.9140633 2.0905613 2.1926089 2.1813619 2.1261885 2.1341270 2.1179796 2.0269446 2.1508059 1.9415354 2.0197996 1.3513123 1.4682629 1.5598698 1.1424696 1.2941807 0.8558110 0.0000000 
