23
AKR2A1|P28475.1|Malus            0.0000000 0.5425216 0.4714988 2.0265782 1.9984047 2.0360223 1.7947953 2.0234377 1.9936606 1.8312903 1.9189260 1.8055893 1.8690406 1.9434916 1.9646755 1.7559096 1.8691343 1.7288455 2.4807400 1.8115755 2.1159568 2.0559821 2.0645844 
AKR2A2|AAB97617.1|Apium          0.5425216 0.0000000 0.4163239 1.8237831 1.8165184 1.8289523 1.5553111 1.7765062 1.8133334 1.5755214 1.7103265 1.5557248 1.6152934 1.6824909 1.7013656 1.7940485 1.7752367 1.7346106 1.9855305 1.6628712 2.1553968 2.0011755 1.8694406 
AKR2A3|QLF98851.1|Oryza          0.4714988 0.4163239 0.0000000 1.7755745 1.7107910 1.6842747 1.5430915 1.6430301 1.7692364 1.5759536 1.4962998 1.4744726 1.5218676 1.7706411 1.7337141 1.5956563 1.7820768 1.6767764 2.2536656 1.6410493 1.8861445 1.9715233 1.7741999 
AKR2B1|P31867.1|Scheffersomyces  2.0265782 1.8237831 1.7755745 0.0000000 0.6972837 0.6974706 0.3705555 0.3201184 0.8226742 0.3782975 0.4230817 0.4655973 0.4660069 1.2725721 1.3543769 0.8989281 2.0030923 2.0180408 2.2896082 2.0032638 2.0529973 2.4425198 2.1325684 
AKR2B2|P49378.1|Kluyveromyces    1.9984047 1.8165184 1.7107910 0.6972837 0.0000000 0.8356979 0.5795965 0.7779585 0.4922961 0.5929962 0.6153520 0.6777197 0.6692415 1.2696017 1.2298305 0.9339128 2.0932524 2.3295369 2.2787195 2.0118222 2.5286205 2.3832827 2.0759960 
AKR2B3|P78736.1|Pachysolen       2.0360223 1.8289523 1.6842747 0.6974706 0.8356979 0.0000000 0.5619715 0.6448749 0.7731144 0.5664513 0.6110819 0.6499717 0.6285798 1.2656480 1.3577795 0.9263592 1.9488015 1.9517917 2.2715706 2.0648294 2.2193661 2.2031599 1.9195470 
AKR2B4|BAA19477.1|Candida        1.7947953 1.5553111 1.5430915 0.3705555 0.5795965 0.5619715 0.0000000 0.2931471 0.7700797 0.0096922 0.3246212 0.2956481 0.2909550 1.1317254 1.2987014 0.7284149 1.9318395 1.9471442 2.0735262 1.9641225 2.2708940 2.1061249 2.0969796 
AKR2B5|AAC25601.1|Yamadazyma     2.0234377 1.7765062 1.6430301 0.3201184 0.7779585 0.6448749 0.2931471 0.0000000 0.8894704 0.2874687 0.4116241 0.4599579 0.4275138 1.3221144 1.5165906 0.9470047 2.0142607 2.0461947 2.1381772 2.1401130 2.3488466 2.1948368 2.1992301 
AKR2B6|NP_011972.1|Saccharomyces 1.9936606 1.8133334 1.7692364 0.8226742 0.4922961 0.7731144 0.7700797 0.8894704 0.0000000 0.7810524 0.7226968 0.7971350 0.8429624 1.2000960 1.2626745 0.9809523 1.9297469 2.2060232 2.1619218 2.0540821 2.3684967 2.3203225 2.1884500 
AKR2B7|BAA19476.1|Candida        1.8312903 1.5755214 1.5759536 0.3782975 0.5929962 0.5664513 0.0096922 0.2874687 0.7810524 0.0000000 0.3291448 0.3070480 0.2949170 1.1630927 1.3304303 0.7555822 1.9776817 1.9795791 2.0672946 1.9905886 2.2958559 2.1296624 2.1327393 
AKR2B8|AAD09330.1|Meyerozyma     1.9189260 1.7103265 1.4962998 0.4230817 0.6153520 0.6110819 0.3246212 0.4116241 0.7226968 0.3291448 0.0000000 0.2420865 0.2699421 1.1380196 1.2312042 0.8099448 1.9815320 2.0920763 2.2493129 2.0744142 2.2688722 2.2688464 2.1407062 
AKR2B9|XP_460932.1|Debaryomyces  1.8055893 1.5557248 1.4744726 0.4655973 0.6777197 0.6499717 0.2956481 0.4599579 0.7971350 0.3070480 0.2420865 0.0000000 0.1054930 1.1970472 1.2813778 0.7850324 1.8890186 2.0357231 2.2871859 1.9807768 2.2887888 2.1435558 2.1247832 
AKR2B10|ALD19729.1|Debaryomyces  1.8690406 1.6152934 1.5218676 0.4660069 0.6692415 0.6285798 0.2909550 0.4275138 0.8429624 0.2949170 0.2699421 0.1054930 0.0000000 1.1703120 1.2480970 0.7984466 1.7991050 1.8583833 2.1888392 1.8826044 2.1995424 2.1508312 2.0331648 
AKR2C1|CAA98021.1|Mucor          1.9434916 1.6824909 1.7706411 1.2725721 1.2696017 1.2656480 1.1317254 1.3221144 1.2000960 1.1630927 1.1380196 1.1970472 1.1703120 0.0000000 0.4325877 0.9864782 2.1270885 2.1419045 2.1612021 2.0833725 2.5621142 2.3132380 2.1573508 
AKR2C2|AHG97682.1|Rhizopus       1.9646755 1.7013656 1.7337141 1.3543769 1.2298305 1.3577795 1.2987014 1.5165906 1.2626745 1.3304303 1.2312042 1.2813778 1.2480970 0.4325877 0.0000000 1.0144893 2.0373905 2.2968261 2.1450551 2.0342033 2.4625618 2.4946960 1.9470129 
AKR2D1|AAF61912.1|Aspergillus    1.7559096 1.7940485 1.5956563 0.8989281 0.9339128 0.9263592 0.7284149 0.9470047 0.9809523 0.7555822 0.8099448 0.7850324 0.7984466 0.9864782 1.0144893 0.0000000 2.0715633 2.0263461 2.2111964 1.8887925 2.4430096 2.2806658 2.0260159 
AKR2E1|CAB41997.1|Spodoptera     1.8691343 1.7752367 1.7820768 2.0030923 2.0932524 1.9488015 1.9318395 2.0142607 1.9297469 1.9776817 1.9815320 1.8890186 1.7991050 2.1270885 2.0373905 2.0715633 0.0000000 1.6540208 1.6234118 1.3487828 1.4591347 1.5332998 1.3544795 
AKR2E2|AAL73387.1|Trichoplusia   1.7288455 1.7346106 1.6767764 2.0180408 2.3295369 1.9517917 1.9471442 2.0461947 2.2060232 1.9795791 2.0920763 2.0357231 1.8583833 2.1419045 2.2968261 2.0263461 1.6540208 0.0000000 1.6784292 0.6806512 1.5050516 1.5098572 1.4718429 
AKR2E3|AAD38635.1|Drosophila     2.4807400 1.9855305 2.2536656 2.2896082 2.2787195 2.2715706 2.0735262 2.1381772 2.1619218 2.0672946 2.2493129 2.2871859 2.1888392 2.1612021 2.1450551 2.2111964 1.6234118 1.6784292 0.0000000 1.5660109 1.5961030 1.3758820 1.5637793 
AKR2E4|BAL70378.1|Bombyx         1.8115755 1.6628712 1.6410493 2.0032638 2.0118222 2.0648294 1.9641225 2.1401130 2.0540821 1.9905886 2.0744142 1.9807768 1.8826044 2.0833725 2.0342033 1.8887925 1.3487828 0.6806512 1.5660109 0.0000000 1.4403593 1.1843045 1.1449462 
AKR2E5|BAR91212.1|Bombyx         2.1159568 2.1553968 1.8861445 2.0529973 2.5286205 2.2193661 2.2708940 2.3488466 2.3684967 2.2958559 2.2688722 2.2887888 2.1995424 2.5621142 2.4625618 2.4430096 1.4591347 1.5050516 1.5961030 1.4403593 0.0000000 1.5563786 1.2970695 
AKR2E6|BBD35022.1|Bombyx         2.0559821 2.0011755 1.9715233 2.4425198 2.3832827 2.2031599 2.1061249 2.1948368 2.3203225 2.1296624 2.2688464 2.1435558 2.1508312 2.3132380 2.4946960 2.2806658 1.5332998 1.5098572 1.3758820 1.1843045 1.5563786 0.0000000 0.8572818 
AKR2E8|BCN86447.1|Bombyx         2.0645844 1.8694406 1.7741999 2.1325684 2.0759960 1.9195470 2.0969796 2.1992301 2.1884500 2.1327393 2.1407062 2.1247832 2.0331648 2.1573508 1.9470129 2.0260159 1.3544795 1.4718429 1.5637793 1.1449462 1.2970695 0.8572818 0.0000000 
