14
AKR3A1|P14065.1|Saccharomyces                                       0.0000000 0.5344619 1.4884376 1.4802109 1.4884258 1.5825729 1.7973638 2.2485084 2.0601215 1.1298924 1.6078099 2.4080130 1.8018907 1.7192518 
AKR3A2|NP_010656.1|Saccharomyces                                    0.5344619 0.0000000 1.4385396 1.4601923 1.4520187 1.6306417 1.9152126 1.9852522 1.9967601 1.3240435 1.6751294 2.4132873 1.8062402 1.7786255 
AKR3B1|AAB17362.1|Sporidiobolus                                     1.4884376 1.4385396 0.0000000 0.9173749 0.9314115 0.9927160 2.0219874 2.2975871 2.4217519 1.4986619 1.8372020 2.2648740 1.9447526 1.4089558 
AKR3B2a|BAD90687.1|Moniliella                                       1.4802109 1.4601923 0.9173749 0.0000000 0.0062294 0.1663878 2.1939309 2.6245505 2.5287761 1.6951244 1.9852212 2.6412226 2.0854089 1.5171246 
AKR3B2b|BAD90688.1|Moniliella                                       1.4884258 1.4520187 0.9314115 0.0062294 0.0000000 0.1677499 2.1902077 2.6245505 2.5287761 1.6860782 1.9906566 2.6412226 2.0854089 1.5171246 
AKR3B3|BAD90689.1|Moniliella                                        1.5825729 1.6306417 0.9927160 0.1663878 0.1677499 0.0000000 2.1468986 2.5162754 2.7334029 1.7423412 2.0512860 2.7419121 2.0584679 1.5325041 
AKR3C1|CAA85107.1|Saccharomyces                                     1.7973638 1.9152126 2.0219874 2.1939309 2.1902077 2.1468986 0.0000000 2.4020740 2.2992971 1.6790725 1.9390873 2.6051073 2.4752830 2.2258238 
AKR3C2|O13848.1|Saccharomyces                                       2.2485084 1.9852522 2.2975871 2.6245505 2.6245505 2.5162754 2.4020740 0.0000000 1.8587736 2.2891543 2.6675219 2.7177977 2.3835350 2.1282587 
AKR3C3|BAD01653.1|Candida                                           2.0601215 1.9967601 2.4217519 2.5287761 2.5287761 2.7334029 2.2992971 1.8587736 0.0000000 2.3160952 2.2373719 2.6430276 2.1530898 2.4970845 
AKR3D1|AAK55762.1|Pyricularia                                       1.1298924 1.3240435 1.4986619 1.6951244 1.6860782 1.7423412 1.6790725 2.2891543 2.3160952 0.0000000 1.8379061 2.4478834 2.0627248 1.7981120 
AKR3E1|CAD43580.1|Pencillium                                        1.6078099 1.6751294 1.8372020 1.9852212 1.9906566 2.0512860 1.9390873 2.6675219 2.2373719 1.8379061 0.0000000 2.3299300 2.2929475 1.7739403 
AKR3F1|Q9X265|Thermotoga                                            2.4080130 2.4132873 2.2648740 2.6412226 2.6412226 2.7419121 2.6051073 2.7177977 2.6430276 2.4478834 2.3299300 0.0000000 1.7251361 2.0575907 
AKR3F2|P30863.2|Escherichia                                         1.8018907 1.8062402 1.9447526 2.0854089 2.0854089 2.0584679 2.4752830 2.3835350 2.1530898 2.0627248 2.2929475 1.7251361 0.0000000 1.6836842 
AKR3G1|P74308.1|Synechocystis|Bacteria|Cyanophyceae|Synechococcales 1.7192518 1.7786255 1.4089558 1.5171246 1.5171246 1.5325041 2.2258238 2.1282587 2.4970845 1.7981120 1.7739403 2.0575907 1.6836842 0.0000000 
