14
AKR3A1|P14065.1|Saccharomyces                                       0.0000000 0.5344616 1.4884357 1.4802090 1.4884238 1.5825707 1.7973611 2.2485046 2.0601183 1.1298912 1.6078076 2.4080085 1.8018882 1.7192494 
AKR3A2|NP_010656.1|Saccharomyces                                    0.5344616 0.0000000 1.4385379 1.4601903 1.4520168 1.6306394 1.9152097 1.9852491 1.9967572 1.3240419 1.6751271 2.4132828 1.8062376 1.7786229 
AKR3B1|AAB17362.1|Sporidiobolus                                     1.4884357 1.4385379 0.0000000 0.9173739 0.9314105 0.9927149 2.0219842 2.2975831 2.4217476 1.4986599 1.8371992 2.2648701 1.9447497 1.4089540 
AKR3B2a|BAD90687.1|Moniliella                                       1.4802090 1.4601903 0.9173739 0.0000000 0.0062294 0.1663878 2.1939273 2.6245455 2.5287715 1.6951220 1.9852180 2.6412176 2.0854057 1.5171226 
AKR3B2b|BAD90688.1|Moniliella                                       1.4884238 1.4520168 0.9314105 0.0062294 0.0000000 0.1677498 2.1902041 2.6245455 2.5287715 1.6860757 1.9906534 2.6412176 2.0854057 1.5171226 
AKR3B3|BAD90689.1|Moniliella                                        1.5825707 1.6306394 0.9927149 0.1663878 0.1677498 0.0000000 2.1468951 2.5162707 2.7333976 1.7423386 2.0512825 2.7419068 2.0584647 1.5325022 
AKR3C1|CAA85107.1|Saccharomyces                                     1.7973611 1.9152097 2.0219842 2.1939273 2.1902041 2.1468951 0.0000000 2.4020698 2.2992932 1.6790702 1.9390843 2.6051024 2.4752785 2.2258201 
AKR3C2|O13848.1|Saccharomyces                                       2.2485046 1.9852491 2.2975831 2.6245455 2.6245455 2.5162707 2.4020698 0.0000000 1.8587709 2.2891502 2.6675167 2.7177926 2.3835307 2.1282553 
AKR3C3|BAD01653.1|Candida                                           2.0601183 1.9967572 2.4217476 2.5287715 2.5287715 2.7333976 2.2992932 1.8587709 0.0000000 2.3160912 2.2373682 2.6430225 2.1530861 2.4970800 
AKR3D1|AAK55762.1|Pyricularia                                       1.1298912 1.3240419 1.4986599 1.6951220 1.6860757 1.7423386 1.6790702 2.2891502 2.3160912 0.0000000 1.8379034 2.4478789 2.0627215 1.7981092 
AKR3E1|CAD43580.1|Pencillium                                        1.6078076 1.6751271 1.8371992 1.9852180 1.9906534 2.0512825 1.9390843 2.6675167 2.2373682 1.8379034 0.0000000 2.3299260 2.2929435 1.7739378 
AKR3F1|Q9X265|Thermotoga                                            2.4080085 2.4132828 2.2648701 2.6412176 2.6412176 2.7419068 2.6051024 2.7177926 2.6430225 2.4478789 2.3299260 0.0000000 1.7251337 2.0575874 
AKR3F2|P30863.2|Escherichia                                         1.8018882 1.8062376 1.9447497 2.0854057 2.0854057 2.0584647 2.4752785 2.3835307 2.1530861 2.0627215 2.2929435 1.7251337 0.0000000 1.6836817 
AKR3G1|P74308.1|Synechocystis|Bacteria|Cyanophyceae|Synechococcales 1.7192494 1.7786229 1.4089540 1.5171226 1.5171226 1.5325022 2.2258201 2.1282553 2.4970800 1.7981092 1.7739378 2.0575874 1.6836817 0.0000000 
