30
AKR4A1|P26690.1|Glycine         0.0000000 0.1940298 0.1512123 0.1513349 1.0648448 0.8784556 0.9317247 0.9983258 0.9258253 1.0215394 0.9609857 0.9373904 1.0188165 1.7008833 1.6678970 1.7654788 1.6745930 1.7602153 1.7529069 1.5885088 1.6406643 1.4624776 1.4968288 1.6028586 1.5355507 1.7098939 1.5857920 1.5474178 1.5526970 1.5280550 
AKR4A2|Q40333|Medicago          0.1940298 0.0000000 0.1469347 0.1501560 1.1059692 0.9333233 0.9636996 1.0565015 1.0291783 1.1262443 1.0090167 0.9799335 1.0076731 1.7111788 1.6610718 1.7674753 1.7480233 1.8111037 1.8164852 1.6103625 1.6756974 1.5216245 1.5230207 1.5954172 1.4885548 1.6673896 1.6218303 1.5797727 1.5613086 1.5547055 
AKR4A3|BAA12084.1|Glycyrrhiza   0.1512123 0.1469347 0.0000000 0.0227249 1.0982563 0.9451270 1.0010671 1.0974516 0.9768259 1.0775122 0.9924341 0.9785083 1.0067833 1.8472882 1.7529140 1.8617842 1.7560845 1.8182612 1.8237955 1.6160377 1.7362339 1.5643339 1.4989360 1.6123715 1.5508451 1.7922151 1.6401770 1.6054726 1.6013347 1.5632311 
AKR4A4|BAA13113.1|Glycyrrhiza   0.1513349 0.1501560 0.0227249 0.0000000 1.0992046 0.9600830 1.0162273 1.1215553 0.9670668 1.0621042 0.9693969 0.9557248 1.0338008 1.8190974 1.7256137 1.8333438 1.7394163 1.7820706 1.7870929 1.6062442 1.7230628 1.5320785 1.4877722 1.6012481 1.5130508 1.7666272 1.6068650 1.5836101 1.5916652 1.5626578 
AKR4B1|CAA11226.1|Sesbania      1.0648448 1.1059692 1.0982563 1.0992046 0.0000000 1.0523961 1.0590051 1.0581296 0.9366266 0.9633128 0.9416607 0.9383664 0.7045831 1.6567760 1.6440404 1.6930557 1.6517741 1.5718317 1.5782492 1.4438944 1.4106480 1.3618087 1.3915931 1.4593379 1.4928607 1.6760236 1.5196262 1.4700146 1.4219250 1.4504098 
AKR4B2|AAF13739.1|Papaver       0.8784556 0.9333233 0.9451270 0.9600830 1.0523961 0.0000000 0.0420454 0.9972314 0.9271760 0.9712338 0.9211851 0.9119023 1.0165985 1.8863961 1.9251206 1.9843828 1.8664254 1.8346513 1.8529697 1.7227978 1.8321247 1.6093417 1.7431632 1.7368069 1.6771769 1.8986109 1.6820866 1.7513232 1.7557284 1.7602654 
AKR4B3|AAF13736.1|Papaver       0.9317247 0.9636996 1.0010671 1.0162273 1.0590051 0.0420454 0.0000000 1.0481498 0.9766932 0.9891805 0.9632657 0.9541758 1.0479483 1.8657703 1.8953642 1.9238206 1.8920513 1.8968110 1.9162155 1.7891317 1.8338131 1.6468657 1.7782046 1.7697285 1.7218536 1.8312026 1.7608562 1.7862325 1.8009398 1.8058161 
AKR4B4|AAB97005.1|Fragaria      0.9983258 1.0565015 1.0974516 1.1215553 1.0581296 0.9972314 1.0481498 0.0000000 1.0640648 1.1250291 1.1834529 1.1491742 1.1501156 1.7425927 1.7975059 1.8048747 1.7071603 1.9562465 1.9612248 1.5975144 1.6727524 1.6890662 1.6477444 1.6877571 1.5545815 1.7831014 1.6365780 1.6623839 1.6193161 1.6094342 
AKR4B5|BAF03164.1|Zea           0.9258253 1.0291783 0.9768259 0.9670668 0.9366266 0.9271760 0.9766932 1.0640648 0.0000000 0.2486733 0.2252852 0.2204065 1.0119554 1.8217877 1.8058401 1.8568497 1.7425313 1.6915881 1.6857875 1.5512122 1.4326016 1.4155810 1.4719493 1.3865851 1.4724989 1.8553948 1.5549159 1.4645503 1.5460349 1.5416232 
AKR4B6|BAF03161.1|Oryza         1.0215394 1.1262443 1.0775122 1.0621042 0.9633128 0.9712338 0.9891805 1.1250291 0.2486733 0.0000000 0.1833395 0.1757660 1.0149335 1.6955026 1.6966522 1.7299452 1.7313713 1.6822268 1.6891962 1.6126464 1.5115791 1.5334534 1.5050099 1.5123014 1.4356524 1.7090205 1.6321510 1.5041432 1.6024728 1.6061347 
AKR4B7|BAF03162.1|Hordeum       0.9609857 1.0090167 0.9924341 0.9693969 0.9416607 0.9211851 0.9632657 1.1834529 0.2252852 0.1833395 0.0000000 0.0267593 0.9842174 1.7647673 1.7924641 1.8036640 1.7800741 1.6364192 1.6293971 1.5612999 1.5036995 1.4511562 1.4649605 1.4417968 1.4760342 1.7825503 1.5653949 1.4555931 1.5541762 1.5730541 
AKR4B8|BAF03163.1|Triticum      0.9373904 0.9799335 0.9785083 0.9557248 0.9383664 0.9119023 0.9541758 1.1491742 0.2204065 0.1757660 0.0267593 0.0000000 0.9437682 1.7255321 1.7388923 1.7637509 1.7422155 1.6608624 1.6540743 1.5838643 1.4810459 1.4661186 1.4903199 1.4565503 1.3982382 1.7302516 1.5777656 1.4490262 1.5644036 1.5834656 
AKR4B10|ADK94763.1|Erythroxylum 1.0188165 1.0076731 1.0067833 1.0338008 0.7045831 1.0165985 1.0479483 1.1501156 1.0119554 1.0149335 0.9842174 0.9437682 0.0000000 1.6990487 1.6749997 1.7702976 1.7395549 1.8264604 1.8366620 1.6985630 1.7788837 1.5606250 1.6127391 1.5968881 1.7000317 1.6727601 1.6758725 1.6986034 1.6502341 1.6626023 
AKR4C1|P23901.1|Hordeum         1.7008833 1.7111788 1.8472882 1.8190974 1.6567760 1.8863961 1.8657703 1.7425927 1.8217877 1.6955026 1.7647673 1.7255321 1.6990487 0.0000000 0.0838587 0.0705052 0.5002873 1.5991672 1.6237203 1.4320217 1.5206555 1.4513200 1.4804836 1.4057838 1.3824454 0.1324007 1.4104693 1.3340920 1.4022358 1.4653155 
AKR4C2|AAA21751.1|Bromus        1.6678970 1.6610718 1.7529140 1.7256137 1.6440404 1.9251206 1.8953642 1.7975059 1.8058401 1.6966522 1.7924641 1.7388923 1.6749997 0.0838587 0.0000000 0.1023429 0.5248982 1.6093826 1.6342427 1.4630858 1.5240950 1.4490581 1.5108101 1.4267341 1.3947970 0.1515354 1.4413517 1.3862056 1.4167081 1.4681163 
AKR4C3|Q43320|Avena             1.7654788 1.7674753 1.8617842 1.8333438 1.6930557 1.9843828 1.9238206 1.8048747 1.8568497 1.7299452 1.8036640 1.7637509 1.7702976 0.0705052 0.1023429 0.0000000 0.5184131 1.5944003 1.6367462 1.4226879 1.5602514 1.4875774 1.5052634 1.4076057 1.3657086 0.1558824 1.4361088 1.3461018 1.3928593 1.4560020 
AKR4C4|AAD22264.1|Xerophyta     1.6745930 1.7480233 1.7560845 1.7394163 1.6517741 1.8664254 1.8920513 1.7071603 1.7425313 1.7313713 1.7800741 1.7422155 1.7395549 0.5002873 0.5248982 0.5184131 0.0000000 1.6088725 1.6471182 1.4596452 1.5295185 1.4688741 1.5217569 1.4170791 1.4116434 0.5437765 1.4763286 1.3782852 1.4239349 1.4541016 
AKR4C5|CAC32834.1|Digitalis     1.7602153 1.8111037 1.8182612 1.7820706 1.5718317 1.8346513 1.8968110 1.9562465 1.6915881 1.6822268 1.6364192 1.6608624 1.8264604 1.5991672 1.6093826 1.5944003 1.6088725 0.0000000 0.0168700 0.5130802 0.6030057 0.3955784 0.4192332 0.5259446 0.4995433 1.5670911 0.5552631 0.4488232 0.4939150 0.5271081 
AKR4C6|CAC32835.1|Digitalis     1.7529069 1.8164852 1.8237955 1.7870929 1.5782492 1.8529697 1.9162155 1.9612248 1.6857875 1.6891962 1.6293971 1.6540743 1.8366620 1.6237203 1.6342427 1.6367462 1.6471182 0.0168700 0.0000000 0.5193854 0.6075896 0.4020844 0.4250517 0.5192035 0.5178606 1.5690425 0.5586794 0.4508891 0.5099221 0.5436751 
AKR4C7|ABF61890.1|Zea           1.5885088 1.6103625 1.6160377 1.6062442 1.4438944 1.7227978 1.7891317 1.5975144 1.5512122 1.6126464 1.5612999 1.5838643 1.6985630 1.4320217 1.4630858 1.4226879 1.4596452 0.5130802 0.5193854 0.0000000 0.6637397 0.4243967 0.4226561 0.5701132 0.4443566 1.4058535 0.1393457 0.3574214 0.0373429 0.0517544 
AKR4C8|ABH07514.1|Arabidopsis   1.6406643 1.6756974 1.7362339 1.7230628 1.4106480 1.8321247 1.8338131 1.6727524 1.4326016 1.5115791 1.5036995 1.4810459 1.7788837 1.5206555 1.5240950 1.5602514 1.5295185 0.6030057 0.6075896 0.6637397 0.0000000 0.5400011 0.5035900 0.6218474 0.6163040 1.4857551 0.6801860 0.6079167 0.6508272 0.6738774 
AKR4C9|ABH07515.1|Arabidopsis   1.4624776 1.5216245 1.5643339 1.5320785 1.3618087 1.6093417 1.6468657 1.6890662 1.4155810 1.5334534 1.4511562 1.4661186 1.5606250 1.4513200 1.4490581 1.4875774 1.4688741 0.3955784 0.4020844 0.4243967 0.5400011 0.0000000 0.2377984 0.2878646 0.4658430 1.4188821 0.4493020 0.4456009 0.4022249 0.4372247 
AKR4C10|ABH07516.1|Arabidopsis  1.4968288 1.5230207 1.4989360 1.4877722 1.3915931 1.7431632 1.7782046 1.6477444 1.4719493 1.5050099 1.4649605 1.4903199 1.6127391 1.4804836 1.5108101 1.5052634 1.5217569 0.4192332 0.4250517 0.4226561 0.5035900 0.2377984 0.0000000 0.3164629 0.4562240 1.4169037 0.4286242 0.4142854 0.4038510 0.4318940 
AKR4C11|ABH07517.1|Arabidopsis  1.6028586 1.5954172 1.6123715 1.6012481 1.4593379 1.7368069 1.7697285 1.6877571 1.3865851 1.5123014 1.4417968 1.4565503 1.5968881 1.4057838 1.4267341 1.4076057 1.4170791 0.5259446 0.5192035 0.5701132 0.6218474 0.2878646 0.3164629 0.0000000 0.5747154 1.3661786 0.5655137 0.5477133 0.5264429 0.5624493 
AKR4C12|ABL61257.1|Aloe         1.5355507 1.4885548 1.5508451 1.5130508 1.4928607 1.6771769 1.7218536 1.5545815 1.4724989 1.4356524 1.4760342 1.3982382 1.7000317 1.3824454 1.3947970 1.3657086 1.4116434 0.4995433 0.5178606 0.4443566 0.6163040 0.4658430 0.4562240 0.5747154 0.0000000 1.3146437 0.4410800 0.3989065 0.4202190 0.4469409 
AKR4C13|ADU32868.1|Zea          1.7098939 1.6673896 1.7922151 1.7666272 1.6760236 1.8986109 1.8312026 1.7831014 1.8553948 1.7090205 1.7825503 1.7302516 1.6727601 0.1324007 0.1515354 0.1558824 0.5437765 1.5670911 1.5690425 1.4058535 1.4857551 1.4188821 1.4169037 1.3661786 1.3146437 0.0000000 1.3785511 1.3376278 1.3702029 1.4250298 
AKR4C14|ACS92968.1|Oryza        1.5857920 1.6218303 1.6401770 1.6068650 1.5196262 1.6820866 1.7608562 1.6365780 1.5549159 1.6321510 1.5653949 1.5777656 1.6758725 1.4104693 1.4413517 1.4361088 1.4763286 0.5552631 0.5586794 0.1393457 0.6801860 0.4493020 0.4286242 0.5655137 0.4410800 1.3785511 0.0000000 0.3340561 0.1338085 0.1548005 
AKR4C15|ALN39070.1|Oryza        1.5474178 1.5797727 1.6054726 1.5836101 1.4700146 1.7513232 1.7862325 1.6623839 1.4645503 1.5041432 1.4555931 1.4490262 1.6986034 1.3340920 1.3862056 1.3461018 1.3782852 0.4488232 0.4508891 0.3574214 0.6079167 0.4456009 0.4142854 0.5477133 0.3989065 1.3376278 0.3340561 0.0000000 0.3392351 0.3652101 
AKR4C16|QFG75509.1|Echinochloa  1.5526970 1.5613086 1.6013347 1.5916652 1.4219250 1.7557284 1.8009398 1.6193161 1.5460349 1.6024728 1.5541762 1.5644036 1.6502341 1.4022358 1.4167081 1.3928593 1.4239349 0.4939150 0.5099221 0.0373429 0.6508272 0.4022249 0.4038510 0.5264429 0.4202190 1.3702029 0.1338085 0.3392351 0.0000000 0.0237496 
AKR4C17|QFG75510.1|Echinochloa  1.5280550 1.5547055 1.5632311 1.5626578 1.4504098 1.7602654 1.8058161 1.6094342 1.5416232 1.6061347 1.5730541 1.5834656 1.6626023 1.4653155 1.4681163 1.4560020 1.4541016 0.5271081 0.5436751 0.0517544 0.6738774 0.4372247 0.4318940 0.5624493 0.4469409 1.4250298 0.1548005 0.3652101 0.0237496 0.0000000 
