30
AKR4A1|P26690.1|Glycine         0.0000000 0.1940298 0.1512123 0.1513349 1.0648448 0.8784557 0.9317248 0.9983258 0.9258254 1.0215395 0.9609857 0.9373904 1.0188166 1.7008835 1.6678971 1.7654790 1.6745931 1.7602154 1.7529071 1.5885090 1.6406645 1.4624777 1.4968289 1.6028587 1.5355509 1.7098940 1.5857922 1.5474180 1.5526971 1.5280551 
AKR4A2|Q40333|Medicago          0.1940298 0.0000000 0.1469347 0.1501560 1.1059693 0.9333233 0.9636997 1.0565015 1.0291783 1.1262443 1.0090168 0.9799335 1.0076731 1.7111789 1.6610720 1.7674754 1.7480234 1.8111039 1.8164854 1.6103626 1.6756975 1.5216246 1.5230208 1.5954173 1.4885550 1.6673898 1.6218305 1.5797728 1.5613088 1.5547056 
AKR4A3|BAA12084.1|Glycyrrhiza   0.1512123 0.1469347 0.0000000 0.0227249 1.0982563 0.9451270 1.0010672 1.0974517 0.9768260 1.0775123 0.9924342 0.9785084 1.0067834 1.8472884 1.7529141 1.8617844 1.7560847 1.8182614 1.8237957 1.6160378 1.7362341 1.5643340 1.4989361 1.6123716 1.5508452 1.7922152 1.6401772 1.6054727 1.6013349 1.5632313 
AKR4A4|BAA13113.1|Glycyrrhiza   0.1513349 0.1501560 0.0227249 0.0000000 1.0992046 0.9600831 1.0162274 1.1215553 0.9670669 1.0621043 0.9693970 0.9557248 1.0338009 1.8190975 1.7256139 1.8333440 1.7394164 1.7820708 1.7870931 1.6062443 1.7230630 1.5320787 1.4877723 1.6012482 1.5130510 1.7666273 1.6068651 1.5836102 1.5916654 1.5626580 
AKR4B1|CAA11226.1|Sesbania      1.0648448 1.1059693 1.0982563 1.0992046 0.0000000 1.0523961 1.0590052 1.0581296 0.9366267 0.9633129 0.9416608 0.9383664 0.7045832 1.6567761 1.6440405 1.6930558 1.6517742 1.5718319 1.5782494 1.4438946 1.4106481 1.3618088 1.3915932 1.4593381 1.4928608 1.6760237 1.5196263 1.4700147 1.4219251 1.4504099 
AKR4B2|AAF13739.1|Papaver       0.8784557 0.9333233 0.9451270 0.9600831 1.0523961 0.0000000 0.0420454 0.9972315 0.9271760 0.9712339 0.9211852 0.9119024 1.0165986 1.8863962 1.9251208 1.9843829 1.8664256 1.8346514 1.8529699 1.7227980 1.8321249 1.6093418 1.7431633 1.7368071 1.6771771 1.8986110 1.6820868 1.7513234 1.7557286 1.7602656 
AKR4B3|AAF13736.1|Papaver       0.9317248 0.9636997 1.0010672 1.0162274 1.0590052 0.0420454 0.0000000 1.0481498 0.9766933 0.9891805 0.9632658 0.9541758 1.0479484 1.8657705 1.8953644 1.9238208 1.8920515 1.8968112 1.9162157 1.7891318 1.8338133 1.6468659 1.7782047 1.7697287 1.7218538 1.8312028 1.7608564 1.7862327 1.8009400 1.8058162 
AKR4B4|AAB97005.1|Fragaria      0.9983258 1.0565015 1.0974517 1.1215553 1.0581296 0.9972315 1.0481498 0.0000000 1.0640649 1.1250292 1.1834530 1.1491742 1.1501157 1.7425928 1.7975060 1.8048749 1.7071604 1.9562467 1.9612251 1.5975146 1.6727525 1.6890664 1.6477446 1.6877573 1.5545816 1.7831016 1.6365782 1.6623840 1.6193163 1.6094344 
AKR4B5|BAF03164.1|Zea           0.9258254 1.0291783 0.9768260 0.9670669 0.9366267 0.9271760 0.9766933 1.0640649 0.0000000 0.2486733 0.2252852 0.2204065 1.0119554 1.8217878 1.8058403 1.8568498 1.7425314 1.6915883 1.6857877 1.5512124 1.4326017 1.4155811 1.4719494 1.3865853 1.4724990 1.8553950 1.5549161 1.4645505 1.5460350 1.5416233 
AKR4B6|BAF03161.1|Oryza         1.0215395 1.1262443 1.0775123 1.0621043 0.9633129 0.9712339 0.9891805 1.1250292 0.2486733 0.0000000 0.1833395 0.1757660 1.0149336 1.6955028 1.6966524 1.7299453 1.7313714 1.6822270 1.6891964 1.6126465 1.5115792 1.5334535 1.5050100 1.5123015 1.4356526 1.7090207 1.6321512 1.5041434 1.6024730 1.6061349 
AKR4B7|BAF03162.1|Hordeum       0.9609857 1.0090168 0.9924342 0.9693970 0.9416608 0.9211852 0.9632658 1.1834530 0.2252852 0.1833395 0.0000000 0.0267593 0.9842174 1.7647674 1.7924643 1.8036641 1.7800743 1.6364194 1.6293973 1.5613001 1.5036996 1.4511563 1.4649606 1.4417970 1.4760343 1.7825504 1.5653951 1.4555932 1.5541764 1.5730543 
AKR4B8|BAF03163.1|Triticum      0.9373904 0.9799335 0.9785084 0.9557248 0.9383664 0.9119024 0.9541758 1.1491742 0.2204065 0.1757660 0.0267593 0.0000000 0.9437682 1.7255322 1.7388925 1.7637510 1.7422156 1.6608626 1.6540744 1.5838644 1.4810460 1.4661187 1.4903201 1.4565504 1.3982383 1.7302517 1.5777658 1.4490263 1.5644038 1.5834657 
AKR4B10|ADK94763.1|Erythroxylum 1.0188166 1.0076731 1.0067834 1.0338009 0.7045832 1.0165986 1.0479484 1.1501157 1.0119554 1.0149336 0.9842174 0.9437682 0.0000000 1.6990489 1.6749999 1.7702977 1.7395551 1.8264606 1.8366622 1.6985631 1.7788839 1.5606252 1.6127392 1.5968883 1.7000319 1.6727602 1.6758727 1.6986035 1.6502342 1.6626024 
AKR4C1|P23901.1|Hordeum         1.7008835 1.7111789 1.8472884 1.8190975 1.6567761 1.8863962 1.8657705 1.7425928 1.8217878 1.6955028 1.7647674 1.7255322 1.6990489 0.0000000 0.0838587 0.0705052 0.5002874 1.5991674 1.6237205 1.4320218 1.5206556 1.4513201 1.4804838 1.4057839 1.3824455 0.1324007 1.4104694 1.3340921 1.4022359 1.4653156 
AKR4C2|AAA21751.1|Bromus        1.6678971 1.6610720 1.7529141 1.7256139 1.6440405 1.9251208 1.8953644 1.7975060 1.8058403 1.6966524 1.7924643 1.7388925 1.6749999 0.0838587 0.0000000 0.1023429 0.5248982 1.6093828 1.6342429 1.4630860 1.5240952 1.4490582 1.5108103 1.4267342 1.3947971 0.1515354 1.4413518 1.3862058 1.4167082 1.4681164 
AKR4C3|Q43320|Avena             1.7654790 1.7674754 1.8617844 1.8333440 1.6930558 1.9843829 1.9238208 1.8048749 1.8568498 1.7299453 1.8036641 1.7637510 1.7702977 0.0705052 0.1023429 0.0000000 0.5184131 1.5944005 1.6367464 1.4226880 1.5602515 1.4875776 1.5052635 1.4076058 1.3657087 0.1558824 1.4361089 1.3461020 1.3928594 1.4560022 
AKR4C4|AAD22264.1|Xerophyta     1.6745931 1.7480234 1.7560847 1.7394164 1.6517742 1.8664256 1.8920515 1.7071604 1.7425314 1.7313714 1.7800743 1.7422156 1.7395551 0.5002874 0.5248982 0.5184131 0.0000000 1.6088727 1.6471183 1.4596453 1.5295186 1.4688743 1.5217571 1.4170792 1.4116435 0.5437765 1.4763287 1.3782853 1.4239351 1.4541017 
AKR4C5|CAC32834.1|Digitalis     1.7602154 1.8111039 1.8182614 1.7820708 1.5718319 1.8346514 1.8968112 1.9562467 1.6915883 1.6822270 1.6364194 1.6608626 1.8264606 1.5991674 1.6093828 1.5944005 1.6088727 0.0000000 0.0168700 0.5130802 0.6030057 0.3955784 0.4192332 0.5259446 0.4995433 1.5670912 0.5552632 0.4488232 0.4939150 0.5271081 
AKR4C6|CAC32835.1|Digitalis     1.7529071 1.8164854 1.8237957 1.7870931 1.5782494 1.8529699 1.9162157 1.9612251 1.6857877 1.6891964 1.6293973 1.6540744 1.8366622 1.6237205 1.6342429 1.6367464 1.6471183 0.0168700 0.0000000 0.5193854 0.6075897 0.4020844 0.4250517 0.5192036 0.5178606 1.5690426 0.5586794 0.4508891 0.5099221 0.5436751 
AKR4C7|ABF61890.1|Zea           1.5885090 1.6103626 1.6160378 1.6062443 1.4438946 1.7227980 1.7891318 1.5975146 1.5512124 1.6126465 1.5613001 1.5838644 1.6985631 1.4320218 1.4630860 1.4226880 1.4596453 0.5130802 0.5193854 0.0000000 0.6637397 0.4243967 0.4226561 0.5701132 0.4443566 1.4058536 0.1393457 0.3574214 0.0373429 0.0517544 
AKR4C8|ABH07514.1|Arabidopsis   1.6406645 1.6756975 1.7362341 1.7230630 1.4106481 1.8321249 1.8338133 1.6727525 1.4326017 1.5115792 1.5036996 1.4810460 1.7788839 1.5206556 1.5240952 1.5602515 1.5295186 0.6030057 0.6075897 0.6637397 0.0000000 0.5400011 0.5035900 0.6218474 0.6163040 1.4857552 0.6801861 0.6079167 0.6508272 0.6738774 
AKR4C9|ABH07515.1|Arabidopsis   1.4624777 1.5216246 1.5643340 1.5320787 1.3618088 1.6093418 1.6468659 1.6890664 1.4155811 1.5334535 1.4511563 1.4661187 1.5606252 1.4513201 1.4490582 1.4875776 1.4688743 0.3955784 0.4020844 0.4243967 0.5400011 0.0000000 0.2377984 0.2878646 0.4658430 1.4188822 0.4493021 0.4456009 0.4022250 0.4372248 
AKR4C10|ABH07516.1|Arabidopsis  1.4968289 1.5230208 1.4989361 1.4877723 1.3915932 1.7431633 1.7782047 1.6477446 1.4719494 1.5050100 1.4649606 1.4903201 1.6127392 1.4804838 1.5108103 1.5052635 1.5217571 0.4192332 0.4250517 0.4226561 0.5035900 0.2377984 0.0000000 0.3164629 0.4562240 1.4169038 0.4286242 0.4142854 0.4038510 0.4318940 
AKR4C11|ABH07517.1|Arabidopsis  1.6028587 1.5954173 1.6123716 1.6012482 1.4593381 1.7368071 1.7697287 1.6877573 1.3865853 1.5123015 1.4417970 1.4565504 1.5968883 1.4057839 1.4267342 1.4076058 1.4170792 0.5259446 0.5192036 0.5701132 0.6218474 0.2878646 0.3164629 0.0000000 0.5747154 1.3661787 0.5655138 0.5477133 0.5264429 0.5624493 
AKR4C12|ABL61257.1|Aloe         1.5355509 1.4885550 1.5508452 1.5130510 1.4928608 1.6771771 1.7218538 1.5545816 1.4724990 1.4356526 1.4760343 1.3982383 1.7000319 1.3824455 1.3947971 1.3657087 1.4116435 0.4995433 0.5178606 0.4443566 0.6163040 0.4658430 0.4562240 0.5747154 0.0000000 1.3146438 0.4410801 0.3989065 0.4202190 0.4469409 
AKR4C13|ADU32868.1|Zea          1.7098940 1.6673898 1.7922152 1.7666273 1.6760237 1.8986110 1.8312028 1.7831016 1.8553950 1.7090207 1.7825504 1.7302517 1.6727602 0.1324007 0.1515354 0.1558824 0.5437765 1.5670912 1.5690426 1.4058536 1.4857552 1.4188822 1.4169038 1.3661787 1.3146438 0.0000000 1.3785513 1.3376280 1.3702030 1.4250300 
AKR4C14|ACS92968.1|Oryza        1.5857922 1.6218305 1.6401772 1.6068651 1.5196263 1.6820868 1.7608564 1.6365782 1.5549161 1.6321512 1.5653951 1.5777658 1.6758727 1.4104694 1.4413518 1.4361089 1.4763287 0.5552632 0.5586794 0.1393457 0.6801861 0.4493021 0.4286242 0.5655138 0.4410801 1.3785513 0.0000000 0.3340562 0.1338085 0.1548005 
AKR4C15|ALN39070.1|Oryza        1.5474180 1.5797728 1.6054727 1.5836102 1.4700147 1.7513234 1.7862327 1.6623840 1.4645505 1.5041434 1.4555932 1.4490263 1.6986035 1.3340921 1.3862058 1.3461020 1.3782853 0.4488232 0.4508891 0.3574214 0.6079167 0.4456009 0.4142854 0.5477133 0.3989065 1.3376280 0.3340562 0.0000000 0.3392351 0.3652102 
AKR4C16|QFG75509.1|Echinochloa  1.5526971 1.5613088 1.6013349 1.5916654 1.4219251 1.7557286 1.8009400 1.6193163 1.5460350 1.6024730 1.5541764 1.5644038 1.6502342 1.4022359 1.4167082 1.3928594 1.4239351 0.4939150 0.5099221 0.0373429 0.6508272 0.4022250 0.4038510 0.5264429 0.4202190 1.3702030 0.1338085 0.3392351 0.0000000 0.0237496 
AKR5C17|QFG75510.1|Echinochloa  1.5280551 1.5547056 1.5632313 1.5626580 1.4504099 1.7602656 1.8058162 1.6094344 1.5416233 1.6061349 1.5730543 1.5834657 1.6626024 1.4653156 1.4681164 1.4560022 1.4541017 0.5271081 0.5436751 0.0517544 0.6738774 0.4372248 0.4318940 0.5624493 0.4469409 1.4250300 0.1548005 0.3652102 0.0237496 0.0000000 
