14
AKR5A1|P22045.3|Leishmania            0.0000000 0.6931775 1.1393527 1.1982779 1.2892679 1.1607755 1.8614097 1.9776040 1.1831586 0.7698029 0.8132372 0.7943431 0.7367438 1.3450507 
AKR5A2|BAB17681.1|Trypanosoma         0.6931775 0.0000000 1.2505049 1.4887917 1.3595109 1.3785488 1.8060683 1.7667977 1.3160766 0.7193353 0.9724066 0.7537548 0.7657108 1.1430338 
AKR5B1|Q02198.3|Pseudomonas           1.1393527 1.2505049 0.0000000 1.4165965 1.3099091 1.3067029 1.6965834 1.6289644 1.2489622 1.1725799 1.1738665 1.1010516 1.0674515 1.2066400 
AKR5C1|AAA83534.1|Corynebacterium     1.1982779 1.4887917 1.4165965 0.0000000 1.0698026 1.1403503 1.6083875 1.4977964 1.4655002 1.3659991 1.4279065 1.3742319 1.3041870 1.2549486 
AKR5C2|Q46857.3|Escherichia           1.2892679 1.3595109 1.3099091 1.0698026 0.0000000 0.9514271 1.4344990 1.4600917 1.4003935 1.1804171 1.1609043 1.0930312 0.9937731 1.3649085 
AKR5C3|AAW60421.1|Gluconobacter       1.1607755 1.3785488 1.3067029 1.1403503 0.9514271 0.0000000 1.5988161 1.7761067 1.8979433 1.1880078 1.3450003 1.1723772 1.1608441 1.4609689 
AKR5D1|P15339.3|Corynebacterium       1.8614097 1.8060683 1.6965834 1.6083875 1.4344990 1.5988161 0.0000000 1.0438731 1.9355276 1.8691558 1.9603413 1.7406066 1.6618973 1.3845546 
AKR5E1|AAD42404.1|Zymomonas           1.9776040 1.7667977 1.6289644 1.4977964 1.4600917 1.7761067 1.0438731 0.0000000 1.5430813 1.5750682 1.7511363 1.6337306 1.7729428 1.5641124 
AKR5F1|ABB80491.1|Klebsiella          1.1831586 1.3160766 1.2489622 1.4655002 1.4003935 1.8979433 1.9355276 1.5430813 0.0000000 1.1817149 1.2364381 1.2775150 1.2874352 1.4584893 
AKR5G1|NP_391220.1|Bacillus           0.7698029 0.7193353 1.1725799 1.3659991 1.1804171 1.1880078 1.8691558 1.5750682 1.1817149 0.0000000 0.3988937 0.3483597 0.5030683 1.3932137 
AKR5G2|NP_390783.1|Bacillus           0.8132372 0.9724066 1.1738665 1.4279065 1.1609043 1.3450003 1.9603413 1.7511363 1.2364381 0.3988937 0.0000000 0.4341914 0.4812628 1.5347726 
AKR5G3|ALM30349.1|Priestia            0.7943431 0.7537548 1.1010516 1.3742319 1.0930312 1.1723772 1.7406066 1.6337306 1.2775150 0.3483597 0.4341914 0.0000000 0.4278406 1.3875877 
AKR5G4|WP_003252716.1|Parageobacillus 0.7367438 0.7657108 1.0674515 1.3041870 0.9937731 1.1608441 1.6618973 1.7729428 1.2874352 0.5030683 0.4812628 0.4278406 0.0000000 1.4459350 
AKR5H1|A0QV09.1|Mycobacterium         1.3450507 1.1430338 1.2066400 1.2549486 1.3649085 1.4609689 1.3845546 1.5641124 1.4584893 1.3932137 1.5347726 1.3875877 1.4459350 0.0000000 
