14
AKR5A1|P22045.3|Leishmania            0.0000000 0.6931774 1.1393526 1.1982778 1.2892678 1.1607754 1.8614094 1.9776037 1.1831585 0.7698029 0.8132372 0.7943431 0.7367438 1.3450505 
AKR5A2|BAB17681.1|Trypanosoma         0.6931774 0.0000000 1.2505047 1.4887915 1.3595107 1.3785487 1.8060680 1.7667975 1.3160765 0.7193352 0.9724065 0.7537547 0.7657107 1.1430337 
AKR5B1|Q02198.3|Pseudomonas           1.1393526 1.2505047 0.0000000 1.4165963 1.3099089 1.3067028 1.6965832 1.6289642 1.2489621 1.1725798 1.1738664 1.1010515 1.0674514 1.2066398 
AKR5C1|AAA83534.1|Corynebacterium     1.1982778 1.4887915 1.4165963 0.0000000 1.0698025 1.1403502 1.6083873 1.4977962 1.4655000 1.3659989 1.4279064 1.3742318 1.3041869 1.2549485 
AKR5C2|Q46857.3|Escherichia           1.2892678 1.3595107 1.3099089 1.0698025 0.0000000 0.9514270 1.4344988 1.4600915 1.4003933 1.1804170 1.1609042 1.0930311 0.9937731 1.3649084 
AKR5C3|AAW60421.1|Gluconobacter       1.1607754 1.3785487 1.3067028 1.1403502 0.9514270 0.0000000 1.5988159 1.7761065 1.8979431 1.1880077 1.3450002 1.1723771 1.1608440 1.4609687 
AKR5D1|P15339.3|Corynebacterium       1.8614094 1.8060680 1.6965832 1.6083873 1.4344988 1.5988159 0.0000000 1.0438730 1.9355273 1.8691555 1.9603410 1.7406063 1.6618971 1.3845544 
AKR5E1|AAD42404.1|Zymomonas           1.9776037 1.7667975 1.6289642 1.4977962 1.4600915 1.7761065 1.0438730 0.0000000 1.5430811 1.5750680 1.7511360 1.6337304 1.7729425 1.5641123 
AKR5F1|ABB80491.1|Klebsiella          1.1831585 1.3160765 1.2489621 1.4655000 1.4003933 1.8979431 1.9355273 1.5430811 0.0000000 1.1817147 1.2364380 1.2775148 1.2874350 1.4584891 
AKR5G1|NP_391220.1|Bacillus           0.7698029 0.7193352 1.1725798 1.3659989 1.1804170 1.1880077 1.8691555 1.5750680 1.1817147 0.0000000 0.3988937 0.3483597 0.5030682 1.3932136 
AKR5G2|NP_390783.1|Bacillus           0.8132372 0.9724065 1.1738664 1.4279064 1.1609042 1.3450002 1.9603410 1.7511360 1.2364380 0.3988937 0.0000000 0.4341913 0.4812628 1.5347724 
AKR5G3|ALM30349.1|Priestia            0.7943431 0.7537547 1.1010515 1.3742318 1.0930311 1.1723771 1.7406063 1.6337304 1.2775148 0.3483597 0.4341913 0.0000000 0.4278405 1.3875875 
AKR5G4|WP_003252716.1|Parageobacillus 0.7367438 0.7657107 1.0674514 1.3041869 0.9937731 1.1608440 1.6618971 1.7729425 1.2874350 0.5030682 0.4812628 0.4278405 0.0000000 1.4459348 
AKR5H1|A0QV09.1|Mycobacterium         1.3450505 1.1430337 1.2066398 1.2549485 1.3649084 1.4609687 1.3845544 1.5641123 1.4584891 1.3932136 1.5347724 1.3875875 1.4459348 0.0000000 
