19
AKR6A1|Q27955.1|Bos               0.0000000 0.0110425 0.3725384 0.0198914 0.0057443 0.0057104 0.3725384 0.3725384 0.6287165 0.3891589 0.3940382 0.6236120 0.6341115 0.3725384 0.6299987 1.5965370 1.5789488 1.5921290 2.2768428 
AKR6A2|CAA54142.1|Rattus          0.0110425 0.0000000 0.3621325 0.0084482 0.0115503 0.0056969 0.3621325 0.3621325 0.6214190 0.3785300 0.3834118 0.5998315 0.6268096 0.3621325 0.6226919 1.6042951 1.5863661 1.5972675 2.2623069 
AKR6A3||S66503|Homo               0.3725384 0.3621325 0.0000000 0.3861616 0.3058169 0.2938741 0.0024673 0.0024673 0.5882875 0.2162058 0.2309824 0.4901490 0.6011465 0.0000010 0.5933563 1.7952834 1.6514973 1.6589670 2.1776436 
AKR6A4|AAA75174.1|Mus             0.0198914 0.0084482 0.3861616 0.0000000 0.0208313 0.0146761 0.3861616 0.3861616 0.6537005 0.4029357 0.4077708 0.6296576 0.6488380 0.3861616 0.6447403 1.6288502 1.6182548 1.6295520 2.3370894 
AKR6A5|AAB99859.1|Homo            0.0057443 0.0115503 0.3058169 0.0208313 0.0000000 0.0057540 0.3058169 0.3058169 0.5393083 0.3105610 0.3160405 0.5355862 0.5448409 0.3058169 0.5405201 1.5331705 1.5606281 1.5690563 2.2408943 
AKR6A6|AAF65463.2|Oryctolagus     0.0057104 0.0056969 0.2938741 0.0146761 0.0057540 0.0000000 0.2938741 0.2938741 0.5219571 0.2984893 0.3039580 0.5195138 0.5274168 0.2938741 0.5231371 1.4999354 1.5584645 1.5668742 2.2270663 
AKR6A7|AAD37853.1|Oryctolagus     0.3725384 0.3621325 0.0024673 0.3861616 0.3058169 0.2938741 0.0000000 0.0000010 0.5900414 0.2208134 0.2356605 0.4880560 0.6028877 0.0024673 0.5951116 1.7897332 1.6514973 1.6589670 2.1776436 
AKR6A8|NP_034727.3|Mus            0.3725384 0.3621325 0.0024673 0.3861616 0.3058169 0.2938741 0.0000010 0.0000000 0.5900414 0.2208134 0.2356605 0.4880560 0.6028877 0.0024673 0.5951116 1.7897332 1.6514973 1.6589670 2.1776436 
AKR6A9|NP_004723.2|Homo           0.6287165 0.6214190 0.5882875 0.6537005 0.5393083 0.5219571 0.5900414 0.5900414 0.0000000 0.7440102 0.7678872 0.4203284 0.0910918 0.5882875 0.0810298 1.9151998 1.8506563 1.8637627 2.3914149 
AKR6A10a|AAC48462.1|Mustela       0.3891589 0.3785300 0.2162058 0.4029357 0.3105610 0.2984893 0.2208134 0.2208134 0.7440102 0.0000000 0.0288722 0.6851235 0.7752667 0.2162058 0.7630781 2.0187454 1.6545973 1.6620956 2.2087934 
AKR6A10b|AAD37854.1|Oryctolagus   0.3940382 0.3834118 0.2309824 0.4077708 0.3160405 0.3039580 0.2356605 0.2356605 0.7678872 0.0288722 0.0000000 0.6750328 0.8013834 0.2309824 0.7889178 1.9993949 1.6545973 1.6620956 2.2087934 
AKR6A11|AAD56313.1|Xenopus        0.6236120 0.5998315 0.4901490 0.6296576 0.5355862 0.5195138 0.4880560 0.4880560 0.4203284 0.6851235 0.6750328 0.0000000 0.4335783 0.4901490 0.4266503 1.9501072 1.7540009 1.7349398 2.1870879 
AKR6A12|Q63494.1|Rattus           0.6341115 0.6268096 0.6011465 0.6488380 0.5448409 0.5274168 0.6028877 0.6028877 0.0910918 0.7752667 0.8013834 0.4335783 0.0000000 0.6011465 0.0353445 1.9136041 1.8579662 1.8875483 2.4792439 
AKR6A13|P63144.1|Rattus           0.3725384 0.3621325 0.0000010 0.3861616 0.3058169 0.2938741 0.0024673 0.0024673 0.5882875 0.2162058 0.2309824 0.4901490 0.6011465 0.0000000 0.5933563 1.7952834 1.6514973 1.6589670 2.1776436 
AKR6A14|NP_034729.3|Mus           0.6299987 0.6226919 0.5933563 0.6447403 0.5405201 0.5231371 0.5951116 0.5951116 0.0810298 0.7630781 0.7889178 0.4266503 0.0353445 0.5933563 0.0000000 1.8919383 1.9038528 1.9281747 2.4496281 
AKR6B1|AAC46631.1|Drosophila      1.5965370 1.6042951 1.7952834 1.6288502 1.5331705 1.4999354 1.7897332 1.7897332 1.9151998 2.0187454 1.9993949 1.9501072 1.9136041 1.7952834 1.8919383 0.0000000 2.7592135 2.7967083 3.5252107 
AKR6C1|AAA87294.1|Arabidopsis     1.5789488 1.5863661 1.6514973 1.6182548 1.5606281 1.5584645 1.6514973 1.6514973 1.8506563 1.6545973 1.6545973 1.7540009 1.8579662 1.6514973 1.9038528 2.7592135 0.0000000 0.2234080 1.6761932 
AKR6C2|CAA12646.1|Egeria          1.5921290 1.5972675 1.6589670 1.6295520 1.5690563 1.5668742 1.6589670 1.6589670 1.8637627 1.6620956 1.6620956 1.7349398 1.8875483 1.6589670 1.9281747 2.7967083 0.2234080 0.0000000 1.7714992 
AKR6D1|WP_013401030.1|Geobacillus 2.2768428 2.2623069 2.1776436 2.3370894 2.2408943 2.2270663 2.1776436 2.1776436 2.3914149 2.2087934 2.2087934 2.1870879 2.4792439 2.1776436 2.4496281 3.5252107 1.6761932 1.7714992 0.0000000 
