19
AKR6A1|Q27955.1|Bos               0.0000000 0.0110425 0.3725384 0.0198914 0.0057443 0.0057104 0.3725384 0.3725384 0.6287165 0.3891589 0.3940382 0.6236120 0.6341115 0.3725384 0.6299987 1.5965368 1.5789486 1.5921288 2.2768425 
AKR6A2|CAA54142.1|Rattus          0.0110425 0.0000000 0.3621325 0.0084482 0.0115503 0.0056969 0.3621325 0.3621325 0.6214190 0.3785300 0.3834118 0.5998315 0.6268096 0.3621325 0.6226919 1.6042949 1.5863659 1.5972674 2.2623066 
AKR6A3||S66503|Homo               0.3725384 0.3621325 0.0000000 0.3861616 0.3058169 0.2938742 0.0024673 0.0024673 0.5882875 0.2162058 0.2309823 0.4901490 0.6011465 0.0000010 0.5933564 1.7952831 1.6514971 1.6589668 2.1776432 
AKR6A4|AAA75174.1|Mus             0.0198914 0.0084482 0.3861616 0.0000000 0.0208313 0.0146761 0.3861616 0.3861616 0.6537004 0.4029357 0.4077708 0.6296576 0.6488380 0.3861616 0.6447403 1.6288500 1.6182545 1.6295518 2.3370891 
AKR6A5|AAB99859.1|Homo            0.0057443 0.0115503 0.3058169 0.0208313 0.0000000 0.0057540 0.3058169 0.3058169 0.5393084 0.3105611 0.3160405 0.5355862 0.5448409 0.3058169 0.5405201 1.5331703 1.5606279 1.5690562 2.2408940 
AKR6A6|AAF65463.2|Oryctolagus     0.0057104 0.0056969 0.2938742 0.0146761 0.0057540 0.0000000 0.2938742 0.2938742 0.5219572 0.2984893 0.3039580 0.5195138 0.5274168 0.2938742 0.5231371 1.4999352 1.5584643 1.5668740 2.2270660 
AKR6A7|AAD37853.1|Oryctolagus     0.3725384 0.3621325 0.0024673 0.3861616 0.3058169 0.2938742 0.0000000 0.0000010 0.5900414 0.2208134 0.2356605 0.4880560 0.6028877 0.0024673 0.5951116 1.7897329 1.6514971 1.6589668 2.1776432 
AKR6A8|NP_034727.3|Mus            0.3725384 0.3621325 0.0024673 0.3861616 0.3058169 0.2938742 0.0000010 0.0000000 0.5900414 0.2208134 0.2356605 0.4880560 0.6028877 0.0024673 0.5951116 1.7897329 1.6514971 1.6589668 2.1776432 
AKR6A9|NP_004723.2|Homo           0.6287165 0.6214190 0.5882875 0.6537004 0.5393084 0.5219572 0.5900414 0.5900414 0.0000000 0.7440102 0.7678871 0.4203284 0.0910918 0.5882875 0.0810298 1.9151995 1.8506560 1.8637624 2.3914144 
AKR6A10a|AAC48462.1|Mustela       0.3891589 0.3785300 0.2162058 0.4029357 0.3105611 0.2984893 0.2208134 0.2208134 0.7440102 0.0000000 0.0288722 0.6851234 0.7752666 0.2162058 0.7630781 2.0187451 1.6545971 1.6620954 2.2087930 
AKR6A10b|AAD37854.1|Oryctolagus   0.3940382 0.3834118 0.2309823 0.4077708 0.3160405 0.3039580 0.2356605 0.2356605 0.7678871 0.0288722 0.0000000 0.6750328 0.8013834 0.2309823 0.7889177 1.9993946 1.6545971 1.6620954 2.2087930 
AKR6A11|AAD56313.1|Xenopus        0.6236120 0.5998315 0.4901490 0.6296576 0.5355862 0.5195138 0.4880560 0.4880560 0.4203284 0.6851234 0.6750328 0.0000000 0.4335783 0.4901490 0.4266503 1.9501069 1.7540007 1.7349396 2.1870876 
AKR6A12|Q63494.1|Rattus           0.6341115 0.6268096 0.6011465 0.6488380 0.5448409 0.5274168 0.6028877 0.6028877 0.0910918 0.7752666 0.8013834 0.4335783 0.0000000 0.6011465 0.0353445 1.9136038 1.8579659 1.8875480 2.4792435 
AKR6A13|P63144.1|Rattus           0.3725384 0.3621325 0.0000010 0.3861616 0.3058169 0.2938742 0.0024673 0.0024673 0.5882875 0.2162058 0.2309823 0.4901490 0.6011465 0.0000000 0.5933564 1.7952831 1.6514971 1.6589668 2.1776432 
AKR6A14|NP_034729.3|Mus           0.6299987 0.6226919 0.5933564 0.6447403 0.5405201 0.5231371 0.5951116 0.5951116 0.0810298 0.7630781 0.7889177 0.4266503 0.0353445 0.5933564 0.0000000 1.8919380 1.9038525 1.9281744 2.4496276 
AKR6B1|AAC46631.1|Drosophila      1.5965368 1.6042949 1.7952831 1.6288500 1.5331703 1.4999352 1.7897329 1.7897329 1.9151995 2.0187451 1.9993946 1.9501069 1.9136038 1.7952831 1.8919380 0.0000000 2.7592130 2.7967078 3.5252100 
AKR6C1|AAA87294.1|Arabidopsis     1.5789486 1.5863659 1.6514971 1.6182545 1.5606279 1.5584643 1.6514971 1.6514971 1.8506560 1.6545971 1.6545971 1.7540007 1.8579659 1.6514971 1.9038525 2.7592130 0.0000000 0.2234081 1.6761930 
AKR6C2|CAA12646.1|Egeria          1.5921288 1.5972674 1.6589668 1.6295518 1.5690562 1.5668740 1.6589668 1.6589668 1.8637624 1.6620954 1.6620954 1.7349396 1.8875480 1.6589668 1.9281744 2.7967078 0.2234081 0.0000000 1.7714990 
AKR6D1|WP_013401030.1|Geobacillus 2.2768425 2.2623066 2.1776432 2.3370891 2.2408940 2.2270660 2.1776432 2.1776432 2.3914144 2.2087930 2.2087930 2.1870876 2.4792435 2.1776432 2.4496276 3.5252100 1.6761930 1.7714990 0.0000000 
