8
AKR9A1|Q00727.2|Aspergillus      0.0000000 0.5083325 1.1939631 1.2054543 1.3871888 1.1508137 1.2955517 1.9963096 
AKR9A2|Q00049.2|Aspergillus      0.5083325 0.0000000 1.0592062 1.0591801 1.2495212 1.0227178 1.0698637 1.9346211 
AKR9A3|Q01752.1|Phanerochaete    1.1939631 1.0592062 0.0000000 0.8859872 1.1207906 0.8390001 0.9277453 2.1793237 
AKR9B1|NP_014068.1|Saccharomyces 1.2054543 1.0591801 0.8859872 0.0000000 0.3282255 0.0756326 0.1120130 2.1600860 
AKR9B2|NP_010032.1|Saccharomyces 1.3871888 1.2495212 1.1207906 0.3282255 0.0000000 0.2559541 0.2547351 2.3730062 
AKR9B3|NP_010038.1|Saccharomyces 1.1508137 1.0227178 0.8390001 0.0756326 0.2559541 0.0000000 0.0825943 1.9275307 
AKR9B4|NP_012689.1|Saccharomyces 1.2955517 1.0698637 0.9277453 0.1120130 0.2547351 0.0825943 0.0000000 2.1332596 
AKR9C1|AAB71807.1|Haloferax      1.9963096 1.9346211 2.1793237 2.1600860 2.3730062 1.9275307 2.1332596 0.0000000 
