207
AKR1A1|NP_006057.1|Homo                                             0.0000000 0.0626330 0.0640693 0.0726161 0.9502440 0.9568072 0.9537223 0.9540978 1.0006430 0.9312119 1.0083572 0.9762490 1.0270854 1.0018882 1.0852036 0.9954415 1.0289252 1.1115038 1.0756613 0.9764480 1.2300306 1.2303821 1.3340408 1.2182593 1.2953717 1.2858332 1.2996406 1.4119753 1.4423184 1.3658133 1.3793441 1.2871022 1.3482589 1.2869877 1.4197994 1.3484022 1.3558175 1.3926973 1.3634621 1.3584342 1.2509011 1.3596342 1.2804389 1.3071702 1.3988173 1.2376838 1.2674371 1.2621745 1.3005750 1.2646380 1.2692046 1.2545054 1.2463193 1.2865168 1.2963386 1.3395960 1.2259313 1.1642811 1.2563547 4.1584495 1.0873420 1.2011735 1.5455809 1.5345957 0.9281744 1.2689993 1.5886553 1.4340935 1.3676919 1.5450442 1.5175213 1.6289377 1.4288741 1.5148000 1.4547967 1.4308302 1.4721651 1.4128435 1.4054009 1.6612991 1.4947575 1.5183682 1.3131405 1.5505851 1.3304290 1.6000499 1.6579215 1.3746199 1.2718084 1.3676549 1.3044125 1.3925616 1.3988727 1.3851044 1.7281347 1.8437233 2.0884587 1.4525755 1.9451678 1.8872444 2.0253609 1.2398062 1.6628134 1.6459925 1.6451890 1.6424875 1.8154521 1.8832680 1.9347525 1.7544226 1.7970389 1.7723838 1.7585351 1.7221022 1.8185085 1.6420949 1.6249003 1.6851708 1.5814509 1.4597967 1.4567831 1.2944110 1.4213303 1.4478297 1.4086214 1.5252953 1.3546728 1.6285948 1.3909648 1.4201594 1.3105758 1.2957763 1.3337898 1.3503330 1.5014096 1.6804416 1.4749666 1.6932207 2.0251781 1.8129293 1.5246080 1.2507303 1.2413165 1.1617597 1.2109359 1.6262508 3.0647640 3.0954134 3.1527549 3.1646260 3.0955841 3.0813669 3.1527549 3.1527549 3.4588749 3.1422645 3.1422645 3.4732875 3.2710859 3.1527549 3.4031684 3.1733957 2.9724188 2.7840971 2.8504370 3.3716263 3.5436855 3.4745120 3.3917733 3.6679905 3.1969582 3.2086392 3.7667328 3.9955783 3.9635824 4.5218789 4.4621370 4.3637066 4.2551783 3.2729238 4.0760939 4.0197323 2.9861842 3.0317457 3.0729897 2.7086287 2.9800224 3.2380039 2.8566773 3.1710592 3.5795151 3.4253596 3.7633401 3.5046036 3.2329229 2.8914060 3.2011598 2.8363168 3.1133408 3.0204989 2.8497415 2.9625009 2.9115831 3.8134540 3.4932210 2.8221161 2.8306065 
AKR1A2|P50578.3|Sus                                                 0.0626330 0.0000000 0.0796977 0.0934214 0.9624630 0.9553400 0.9639068 0.9643167 0.9895338 0.9360766 1.0001152 0.9876402 1.0214900 0.9773591 1.0939088 1.0052057 1.0235977 1.1121250 1.0702213 0.9724675 1.2264262 1.2308603 1.3168674 1.2292609 1.3019615 1.2507689 1.2996267 1.4148431 1.4423275 1.3437400 1.3570321 1.2888980 1.3333527 1.2726984 1.4161557 1.3579942 1.3361992 1.3731923 1.3613193 1.3428859 1.2205602 1.3495802 1.2661811 1.3068186 1.3790873 1.2393137 1.2886359 1.2628576 1.2974287 1.2490418 1.2783476 1.2610856 1.2484952 1.2566133 1.3228290 1.3389941 1.1973712 1.1415539 1.2470110 4.1645164 1.0753179 1.1986663 1.4654900 1.5227306 0.9129447 1.2607496 1.5738469 1.3942937 1.3548759 1.4989960 1.4311720 1.6053017 1.3680019 1.4756625 1.4160996 1.3697570 1.4104950 1.3543546 1.3819737 1.5821727 1.4433722 1.4713940 1.3443974 1.5045834 1.3542579 1.6459580 1.6719372 1.4264254 1.3037872 1.4083469 1.3371798 1.3848321 1.3911195 1.3462785 1.7265604 1.8593624 2.0314919 1.4371879 1.9577228 1.8815025 1.9726754 1.2344120 1.6357186 1.6124134 1.5957336 1.5931115 1.8170067 1.8770542 1.9284956 1.7099899 1.8001145 1.7713253 1.7436432 1.7076094 1.8031025 1.5866225 1.5703406 1.6285268 1.5239185 1.4652587 1.4622661 1.3029843 1.3973385 1.4283036 1.3964402 1.4871444 1.3457949 1.5859079 1.3862773 1.4172900 1.3193063 1.3043616 1.2883085 1.3292190 1.4675728 1.6410660 1.4705225 1.6845300 1.9704420 1.7883503 1.5260408 1.2188349 1.2113796 1.1727010 1.2155445 1.6095318 3.0027654 3.0327494 3.1240845 3.0999711 3.0327504 3.0191043 3.1240845 3.1240845 3.5678140 3.1136582 3.1136582 3.3580119 3.3508819 3.1240845 3.4777720 3.0527466 2.9788721 2.7934335 2.8315306 3.2606161 3.4558889 3.4140293 3.3557609 3.5506459 3.2421136 3.2236574 3.8311858 3.8702302 3.9574132 4.4081633 4.4537667 4.3052448 4.3048437 3.2221624 4.0504867 3.9612217 2.9028369 3.0256756 2.9173358 2.4932815 2.9252485 3.2834656 2.8789652 3.0874662 3.4933233 3.4304420 3.6227147 3.5298372 3.0872277 2.7893551 3.1814633 2.8115208 3.0705706 2.9392451 2.7887276 2.9964081 2.8785151 3.6917067 3.4793025 2.8304564 2.7707588 
AKR1A3|P51635.2|Rattus                                              0.0640693 0.0796977 0.0000000 0.0287251 0.9517869 0.9375017 0.9783570 0.9729220 0.9910380 0.9278077 0.9936382 0.9741016 1.0124989 0.9793634 1.1154504 0.9813766 0.9915878 1.1174591 1.0622535 0.9727449 1.2393035 1.2353996 1.3411948 1.2162435 1.2909794 1.2938324 1.2886935 1.4090032 1.4690397 1.4043579 1.4180522 1.2794337 1.3450054 1.2860953 1.4646089 1.3291987 1.3518709 1.3840569 1.3524330 1.3344171 1.2637974 1.3634683 1.2795461 1.3284490 1.3902946 1.2322535 1.2866002 1.2608453 1.2903072 1.2539456 1.2591078 1.2609965 1.2453908 1.3127769 1.2967790 1.3334744 1.2414970 1.1603615 1.2676589 4.0829943 1.0585070 1.1668944 1.5056365 1.4839824 0.8968365 1.2615379 1.5583551 1.4006167 1.3565747 1.4942979 1.4518714 1.5954241 1.3857903 1.5070697 1.4286580 1.3875995 1.4523748 1.3630752 1.3881044 1.6284543 1.4446412 1.4508465 1.3421227 1.5577163 1.3963798 1.6066372 1.6621301 1.4172012 1.2895970 1.3754529 1.2913820 1.3399383 1.3459806 1.3639314 1.7661981 1.8809219 2.0403421 1.4072815 1.9561468 1.8781038 2.0106760 1.2426879 1.6241837 1.5943158 1.5630552 1.5604888 1.7848361 1.8967974 1.9483560 1.6905132 1.7767698 1.7485670 1.7421119 1.7061472 1.7564537 1.6222163 1.6055794 1.6683934 1.5622098 1.4882962 1.4854320 1.2828270 1.4217898 1.4796545 1.4271323 1.5297009 1.3784952 1.6203217 1.3693549 1.4397172 1.2988374 1.2836498 1.3547141 1.3556204 1.4699840 1.6385702 1.4781301 1.6728847 1.9900079 1.7513697 1.5241037 1.2375684 1.2321184 1.1508195 1.2270676 1.5830162 2.9842614 3.0143576 3.0716506 3.0816931 3.0143100 3.0006908 3.0716506 3.0716506 3.4184823 3.0586267 3.0586267 3.3989522 3.2235680 3.0716506 3.3542568 2.9508274 2.8969599 2.7540942 2.8048340 3.3036376 3.4989442 3.4127795 3.4395923 3.5563830 3.1479910 3.1581579 3.6105551 3.8079677 3.8818761 4.2844193 4.2850989 4.1290026 4.0813155 3.2461824 3.9678108 3.9385958 2.8456922 2.9231620 2.9770542 2.4997215 2.7956865 3.1276964 2.7459470 2.9878089 3.4905069 3.3324642 3.5726678 3.3538468 3.1088583 2.7185677 3.0155369 2.6974999 2.9714703 2.9556163 2.7129406 2.8955338 2.8765458 3.7979024 3.3592325 2.7139188 2.6901358 
AKR1A4|NP_067448.1|Mus                                              0.0726161 0.0934214 0.0287251 0.0000000 0.9791777 0.9441793 0.9794417 0.9777081 1.0035938 0.9429296 0.9936881 0.9578794 0.9982657 0.9861405 1.0880445 0.9650408 0.9751745 1.1057791 1.0447969 0.9563459 1.1975061 1.1936250 1.3007811 1.1788021 1.2792930 1.2669659 1.2754275 1.3914314 1.4321181 1.4224374 1.4304625 1.2462102 1.3472724 1.2907384 1.4435210 1.3114747 1.3304896 1.3623776 1.3323915 1.3135981 1.2497806 1.3362441 1.2841475 1.2855846 1.3905113 1.1942890 1.2897650 1.2638171 1.2935064 1.2424195 1.2677455 1.2695410 1.2392855 1.2693145 1.2949322 1.3307141 1.2295053 1.1678643 1.2564642 4.1708009 1.0661654 1.1772427 1.4981253 1.4617045 0.9261190 1.2362418 1.5726392 1.4148233 1.3782849 1.5167437 1.4699559 1.6027097 1.3700307 1.5029351 1.4279173 1.3717873 1.4544356 1.3651171 1.3901279 1.5941895 1.4434108 1.4569828 1.3364620 1.5040219 1.3592221 1.6405612 1.6327945 1.3923906 1.2782609 1.3597327 1.3071136 1.3572331 1.3633921 1.3679312 1.7203587 1.8483194 2.0941501 1.3772313 1.9351411 1.8778273 2.0177226 1.2230448 1.6176774 1.5772028 1.5536235 1.5437404 1.7717545 1.9015913 1.9532582 1.6781148 1.7653475 1.7082597 1.7284789 1.6932219 1.7259804 1.6169100 1.6002973 1.6617599 1.5396150 1.4867011 1.4838250 1.2716719 1.4376513 1.4867582 1.4424867 1.5370260 1.3569274 1.6128570 1.3733547 1.4245806 1.2875109 1.2718148 1.3312369 1.3316891 1.4412902 1.6648859 1.4952934 1.6678899 1.9815375 1.8004751 1.5236242 1.2313767 1.2320221 1.1485137 1.2460488 1.5646909 2.9577433 2.9413583 3.0697104 3.0062584 2.9411274 2.9281849 3.0697104 3.0697104 3.3438342 3.0567139 3.0567139 3.2906965 3.1824710 3.0697104 3.3106839 2.9805733 2.9359625 2.7746977 2.8241926 3.2856967 3.4880852 3.4044308 3.4311328 3.5474998 3.2597238 3.3158031 3.6863079 3.8461093 3.8936717 4.2283453 4.2258509 4.0723664 4.0883878 3.2444434 3.9286110 3.9183742 2.8935237 2.9794751 2.9985047 2.4828802 2.8483018 3.2122796 2.7867671 3.0204555 3.5472121 3.4212622 3.5729232 3.3693943 3.1068129 2.8112824 3.0178016 2.7811228 2.9873771 2.9226247 2.7798039 2.9297580 2.8910096 3.7941403 3.4660285 2.7413625 2.7486215 
AKR1B1|NP_001619.1|Homo                                             0.9502440 0.9624630 0.9517869 0.9791777 0.0000000 0.1225901 0.1660580 0.1650788 0.1567208 0.1524076 0.3972758 0.4165164 0.3970742 0.4028126 0.4761211 0.3928110 0.4458680 0.4701555 0.4281345 0.3778412 1.0059474 0.9946603 1.0331695 0.9917704 0.9069323 0.9732812 0.9649604 1.0777380 1.1259055 1.0799166 1.0606871 0.9910308 1.1005497 1.1150377 1.1008004 0.9538194 1.1352293 1.1864244 1.0401752 1.0338686 0.9420115 1.0848423 1.1211456 0.9945529 1.1234055 1.0022769 0.9256946 0.9500876 0.9793593 0.8866303 0.9499922 0.9293672 0.9464738 0.9895593 1.1719635 1.1663028 0.9241189 0.8493134 0.9887468 5.0030905 0.6390583 0.6655723 1.1122267 1.4277993 0.6722812 1.3138406 1.5577149 1.3292123 1.2553737 1.5355228 1.4569560 1.3930188 1.3814261 1.5227017 1.4632699 1.3800280 1.4388150 1.4621985 1.4501201 1.5337636 1.5974540 1.5682401 1.4232159 1.4153833 1.3177760 1.4826609 1.4520946 1.4030431 1.3471797 1.3075217 1.2995922 1.4219968 1.4153539 1.3938403 1.6742202 1.9032008 1.9951563 1.4325647 1.7257123 1.7932066 1.8373195 1.2528304 1.7513801 1.6753919 1.7388338 1.7481205 1.8407344 1.6559907 1.6720895 1.7688635 1.8784817 1.8840930 1.8858452 1.8326178 1.7131543 1.5242129 1.5071324 1.5928147 1.5121106 1.4113242 1.4178812 1.3525850 1.4778990 1.3694063 1.3524301 1.5273899 1.4474925 1.5419926 1.3179847 1.3420896 1.3396749 1.3487842 1.3274487 1.2481076 1.6088998 1.5692943 1.5151909 1.5265600 1.8844478 1.7365807 1.4925430 1.2096565 1.3011203 1.2451673 1.3191733 1.5688523 3.2441454 3.2597071 3.2747578 3.3316525 3.2620269 3.2326629 3.2747578 3.2747578 3.8014733 3.2932545 3.2932545 3.6412718 3.6140991 3.2747578 3.6803669 3.4452660 3.2951855 3.4296488 2.9836496 4.1908123 4.2904317 4.3665191 4.0430483 4.4575971 3.7609934 3.7587255 3.7062822 4.2247325 4.0813922 4.8767133 4.4804922 4.6897035 4.7998952 3.4210748 4.8494014 4.3229726 3.0878186 3.0585360 2.9580947 2.5281676 3.3774411 3.0621775 2.8958028 3.1694059 3.9281937 4.1763978 4.1623501 3.9794578 3.3450391 3.1428055 3.5166141 3.2239691 3.1852153 3.1369056 2.8180040 3.2149335 3.2383251 4.2177740 3.4463711 2.9587110 3.0317252 
AKR1B2|P15122.3|Oryctolagus|cuniculus|Animalia|Mammalia|Lagomorpha  0.9568072 0.9553400 0.9375017 0.9441793 0.1225901 0.0000000 0.1318036 0.1353080 0.1521290 0.1568731 0.4033051 0.4014550 0.3894166 0.3839864 0.4650504 0.3796501 0.4352385 0.4411977 0.4031917 0.3829186 1.0114260 0.9999677 1.0582751 1.0283693 0.9478550 1.0027539 0.9913140 1.0856215 1.1427968 1.1091481 1.0741384 1.0092952 1.0687389 1.0825864 1.1293606 0.9820663 1.0760436 1.1231224 1.0639830 1.0599147 0.9996275 1.1105180 1.0886540 0.9738595 1.0744589 1.0371052 0.9786843 1.0113553 1.0398621 0.9139777 0.9803201 0.9724314 0.9946181 1.0210400 1.1187648 1.0810641 0.9998618 0.8839169 1.0176231 5.0272244 0.5876967 0.6368836 1.0437311 1.4161855 0.6640667 1.2484255 1.5303530 1.2827869 1.2417139 1.6323296 1.5027845 1.4293464 1.3914808 1.6006131 1.5109452 1.3900706 1.4846638 1.4823129 1.4606072 1.5095332 1.5579512 1.6257378 1.3966529 1.4183186 1.2884822 1.4840314 1.4294953 1.3311834 1.4083943 1.3948012 1.3859799 1.4465589 1.4397648 1.4218702 1.6613845 1.9539771 1.9929648 1.4460407 1.6872910 1.8577008 1.8841427 1.2984888 1.7415717 1.6364758 1.7049078 1.6982042 1.8948210 1.8000668 1.8066995 1.8591524 1.8958336 1.8982529 1.9168483 1.8817613 1.7815084 1.4091896 1.3925260 1.5121991 1.4334476 1.3982587 1.4080728 1.3442068 1.4319470 1.3398446 1.3394830 1.4852574 1.4568794 1.4218806 1.3439697 1.3834573 1.3701680 1.3641613 1.3628815 1.2300806 1.6417896 1.6045205 1.4479409 1.4591518 1.9314496 1.7431057 1.5091163 1.2072583 1.2970302 1.2361673 1.2911515 1.5833666 3.1963109 3.2291062 3.2481016 3.2993682 3.2135792 3.2026133 3.2481016 3.2481016 3.7276470 3.2724302 3.2724302 3.5443949 3.5305881 3.2481016 3.6133106 3.3284963 3.3145162 3.4176191 2.9980991 4.2832371 4.3654308 4.4948632 4.1596368 4.4575226 3.5753397 3.7087829 3.7837441 4.2199901 4.1156464 4.8281905 4.4877782 4.6243450 4.7001225 3.2210531 4.9895107 4.5647367 3.1249248 3.0652602 3.1328451 2.6783043 3.4252019 3.0917622 2.9818891 3.1893652 3.8222610 4.1194075 3.9654027 3.7221033 3.3757061 3.1280633 3.4507409 3.1857934 3.1948834 3.0901163 2.8010753 3.1736890 3.2617041 4.1286154 3.5376248 3.1228872 3.0235756 
AKR1B3|P45376.3|Mus                                                 0.9537223 0.9639068 0.9783570 0.9794417 0.1660580 0.1318036 0.0000000 0.0324765 0.1924316 0.1864476 0.4409393 0.4506598 0.4306862 0.4164903 0.4723488 0.4371102 0.4834324 0.4752998 0.4515483 0.4301455 1.0610030 1.0583998 1.0886705 1.0173076 0.9639873 0.9745893 1.0338767 1.1170931 1.1376723 1.0879802 1.0691209 1.0493920 1.0827155 1.1044581 1.1302506 0.9959004 1.1026480 1.1479102 1.1059423 1.0780247 0.9522740 1.1502494 1.1106039 1.0011416 1.0762683 1.0564302 0.9936703 1.0529548 1.0729604 0.9223624 0.9690318 0.9719000 1.0263695 1.0098181 1.1450660 1.1260883 1.0190436 0.9433870 1.0829549 4.7978679 0.6327887 0.7041062 1.0838195 1.4482414 0.6464515 1.3437247 1.6104483 1.3461764 1.2963189 1.5402360 1.4649470 1.3558954 1.4058073 1.5394888 1.4781322 1.4044063 1.4246762 1.4908618 1.4922220 1.5512886 1.6937367 1.6486293 1.3831429 1.3777300 1.2970869 1.4476262 1.4598957 1.3340589 1.4169307 1.4245870 1.3654423 1.4468556 1.4400692 1.4252536 1.5798940 1.9080755 1.9483015 1.4362530 1.7304923 1.7697139 1.8621030 1.2531223 1.7607054 1.6993723 1.7882688 1.7556479 1.9497140 1.7971207 1.8066566 1.8433060 1.8895203 1.8747395 1.9109277 1.8579408 1.8465535 1.3564592 1.3379471 1.4442933 1.3928734 1.3618389 1.3586708 1.2957755 1.4330132 1.3044627 1.3015904 1.4856004 1.3739983 1.3863643 1.3039437 1.3391906 1.3138957 1.3167474 1.2881696 1.2281472 1.6357416 1.5492097 1.4655318 1.4503324 1.9365154 1.7124730 1.4800390 1.2060176 1.3078984 1.2558217 1.3063691 1.5799888 3.0402227 3.0683413 3.0739718 3.1337556 3.0561425 3.0432939 3.0739718 3.0739718 3.4915840 3.0911642 3.0911642 3.3890279 3.3233729 3.0739718 3.3753314 3.2690998 3.1514961 3.1872411 2.8207097 4.2554444 4.3586627 4.3683773 4.1392543 4.6030567 3.7288339 3.6801551 3.9778331 4.3762768 4.2748159 4.8887959 4.6126144 4.8785093 4.9923948 3.2892081 5.0291886 4.5655956 3.1747641 3.1379773 3.1230585 2.6088146 3.4009751 2.9702800 2.9805581 3.1409216 3.6956450 4.1789068 4.0930509 3.9166562 3.3982157 3.0355736 3.5506847 3.2111190 3.2418577 3.0543246 2.6729201 3.1416057 3.1708927 4.3386785 3.5687860 3.1726009 2.9817369 
AKR1B4|NP_036630.1|Rattus                                           0.9540978 0.9643167 0.9729220 0.9777081 0.1650788 0.1353080 0.0324765 0.0000000 0.1904630 0.1862354 0.4404779 0.4442400 0.4118504 0.4043450 0.4556114 0.4297441 0.4784348 0.4622738 0.4467265 0.4279160 1.0788469 1.0763014 1.1048797 1.0350475 0.9826362 0.9879593 1.0522999 1.1244110 1.1558398 1.0910099 1.0721286 1.0657798 1.0896192 1.1114094 1.1491598 0.9936067 1.1072804 1.1525777 1.1169796 1.0806428 0.9664955 1.1643033 1.1175546 1.0170379 1.0848264 1.0744164 1.0141618 1.0752145 1.0955333 0.9255521 0.9781465 0.9809422 1.0422326 1.0291018 1.1582366 1.1369164 1.0038002 0.9282102 1.0671752 4.9133638 0.6320214 0.7006090 1.0725676 1.4255368 0.6482302 1.3067897 1.5773338 1.3267726 1.2769740 1.5526659 1.4707151 1.3590720 1.4061560 1.5457827 1.4717123 1.4034823 1.4376702 1.5016457 1.5029896 1.5937049 1.6810091 1.6341257 1.4000336 1.3742169 1.3172004 1.4272788 1.4730394 1.3552246 1.3910522 1.3789790 1.3145984 1.4102307 1.4036621 1.4277497 1.5534664 1.9236795 1.9430219 1.4164072 1.6787925 1.7370326 1.9109099 1.2694982 1.7226014 1.6516502 1.7769112 1.7444224 1.9329171 1.7746995 1.7810990 1.8196847 1.8571992 1.8414766 1.8723506 1.8154293 1.8270680 1.3596003 1.3410999 1.4474383 1.4053281 1.3470475 1.3438500 1.3048431 1.4209747 1.2881228 1.2922524 1.4683017 1.3656834 1.3894956 1.3176187 1.3463048 1.3230454 1.3258934 1.2922139 1.2316126 1.6137506 1.5581717 1.4250962 1.4688605 1.9131244 1.6993775 1.4869431 1.1812910 1.2880561 1.2468785 1.2808673 1.5873339 3.1006444 3.1323193 3.1397781 3.1998657 3.1171399 3.1066164 3.1397781 3.1397781 3.5426754 3.1573453 3.1573453 3.4373628 3.3715372 3.1397781 3.4244396 3.3323013 3.1460917 3.2142005 2.8235380 4.2698496 4.4188555 4.4285235 4.1195008 4.6192487 3.6785028 3.6582647 3.8883528 4.3210360 4.2216767 4.8802483 4.6033875 4.8692316 4.9964054 3.3378423 5.0298590 4.5263094 3.1420744 3.0755633 3.0571754 2.5212627 3.2733553 3.0085442 2.9544754 2.9869029 3.5741089 4.0298559 3.9378786 3.8124273 3.3344718 3.0049196 3.4828961 3.2277938 3.1989775 3.0278755 2.6105916 3.1502365 3.1793092 4.3158963 3.4846021 3.1010483 2.9369910 
AKR1B5|P16116.2|Bos                                                 1.0006430 0.9895338 0.9910380 1.0035938 0.1567208 0.1521290 0.1924316 0.1904630 0.0000000 0.1151416 0.4472399 0.4562765 0.4410968 0.3972912 0.5090563 0.4414625 0.4760849 0.4675027 0.4414731 0.4090939 1.0422688 1.0307417 1.0565334 1.0532897 0.9543613 0.9687163 1.0215024 1.0992836 1.1661535 1.1261830 1.1008781 1.0249534 1.0950379 1.1191935 1.1444921 0.9921827 1.1146402 1.1709395 1.0761312 1.0544539 0.9233289 1.1239763 1.1253293 1.0165764 1.1213926 1.0604705 1.0044018 1.0426248 1.0667630 0.9235455 0.9902748 0.9574007 0.9960969 1.0497986 1.1759814 1.1586171 0.9884896 0.8801086 1.0481428 5.1837666 0.6594299 0.7039556 1.1286580 1.5579759 0.6789769 1.3546345 1.5930063 1.3150113 1.3002605 1.6722384 1.5573560 1.5074613 1.4865090 1.6235266 1.5596871 1.4850925 1.5440596 1.5358686 1.5014935 1.5817950 1.6518966 1.6420572 1.4732857 1.4511993 1.3890094 1.5237323 1.4567494 1.4082452 1.4481722 1.3790948 1.3101438 1.4890480 1.4819697 1.4677202 1.7117565 1.8966903 1.9697266 1.3820858 1.8006392 1.8173999 1.9147134 1.3537680 1.7434128 1.7036119 1.7539265 1.7209924 1.9114626 1.7185351 1.7356127 1.8527089 1.9094323 1.9080569 1.9467330 1.8934904 1.9061923 1.4531357 1.4210902 1.5448833 1.4655834 1.4303632 1.4405822 1.3012392 1.4701057 1.3975256 1.3527772 1.5097396 1.4423513 1.4646575 1.3098551 1.3682798 1.3184584 1.3275337 1.3191271 1.2607149 1.7438051 1.6154840 1.4488390 1.4648677 1.9413303 1.7761026 1.5461564 1.2725884 1.3387446 1.3301087 1.3767233 1.6498420 3.4727175 3.4893754 3.4844241 3.5677312 3.4924569 3.4605080 3.4844241 3.4844241 3.9939221 3.4883608 3.4883608 3.7897407 3.7801187 3.4844241 3.8945044 3.5863761 3.5220549 3.6567829 3.0709986 4.4447518 4.4953766 4.5877157 4.2440272 4.5108773 3.9454195 3.8945713 3.9482146 4.4156841 4.1545899 5.0174387 4.6512492 4.8336831 4.8578085 3.4897059 5.0203841 4.5141149 3.1057574 3.1805479 3.0839571 2.6635686 3.5181193 3.1158266 3.2659814 3.1105957 3.9792461 4.2946852 4.2873589 4.1111782 3.5533920 3.2573835 3.7589012 3.4116108 3.3594554 3.2783233 2.8706144 3.4458700 3.5436967 4.2430739 3.6604940 3.1141190 2.9594938 
AKR1B6|P80276.2|Sus                                                 0.9312119 0.9360766 0.9278077 0.9429296 0.1524076 0.1568731 0.1864476 0.1862354 0.1151416 0.0000000 0.4455030 0.4577064 0.4459042 0.4045275 0.5250525 0.4490455 0.4988606 0.4824510 0.4661979 0.4346352 1.0072911 0.9959051 1.0398932 0.9982429 0.9364928 0.9757420 1.0013622 1.0697787 1.1885281 1.0583975 1.0363119 1.0064951 1.0533940 1.0966641 1.1561529 0.9597428 1.0901900 1.1553378 1.0487071 1.0685326 0.9633800 1.0922868 1.1027071 0.9823125 1.0817774 1.0032138 0.9738739 1.0112896 1.0392928 0.9005201 0.9711916 0.9332867 0.9807741 1.0263080 1.1177367 1.0887783 0.9760172 0.8978127 1.0452922 4.7237597 0.6462192 0.7149474 1.1970779 1.5098938 0.7044220 1.3338394 1.5506551 1.3237266 1.2305061 1.6879080 1.5634691 1.4916010 1.5423230 1.6152552 1.5645636 1.5409016 1.5948618 1.6098351 1.5681505 1.5230448 1.6197665 1.7259228 1.4662007 1.4027339 1.2893089 1.4996253 1.4735581 1.3387745 1.3486312 1.3060658 1.2964069 1.4877934 1.4807509 1.4187983 1.7128593 1.8884872 1.9937832 1.3807715 1.7787868 1.7976550 1.7793065 1.3087453 1.6811232 1.6592609 1.6959827 1.6749685 1.8042277 1.6408327 1.6564801 1.7968651 1.8022192 1.7820770 1.7647446 1.7205338 1.7771889 1.3796590 1.3323240 1.4562645 1.4621690 1.4298008 1.4394845 1.3396632 1.4864876 1.3662431 1.3480291 1.4957781 1.4449418 1.3879501 1.3634920 1.3989218 1.3502547 1.3712820 1.3004626 1.2352052 1.6289935 1.6236361 1.4644371 1.3972570 1.9967179 1.7362733 1.5503079 1.2153372 1.2534484 1.2395689 1.2732189 1.5736540 3.2582629 3.2736232 3.3150587 3.3446781 3.2759462 3.2469348 3.3150587 3.3150587 3.6860517 3.3333337 3.3333337 3.5469749 3.4901833 3.3150587 3.5751623 3.3663272 3.2641749 3.3298919 2.9163618 4.0891924 4.1368769 4.2466212 3.9317325 4.2551008 3.5959952 3.8930636 3.8064119 4.1799984 3.8678308 4.7051725 4.3609053 4.4775298 4.4553825 3.1582842 4.9137920 4.4186203 2.9972218 3.0390781 3.0249498 2.6663785 3.2602590 2.9524719 3.0476537 3.1736300 3.7358368 4.0458342 3.9130891 3.9323681 3.3376368 3.1952497 3.5449504 3.2543789 3.3475187 3.2156145 2.7525068 3.2079533 3.3416117 4.2446776 3.4285751 3.0100476 3.0267572 
AKR1B7|P21300.4|Mus                                                 1.0083572 1.0001152 0.9936382 0.9936881 0.3972758 0.4033051 0.4409393 0.4404779 0.4472399 0.4455030 0.0000000 0.2165748 0.2575664 0.2477357 0.4731889 0.2188713 0.1488141 0.2990799 0.1662079 0.2591636 1.1192358 1.0962432 1.1316614 1.0788158 1.0700432 1.1343305 1.0822828 1.2070293 1.2242651 1.1977935 1.1800356 1.1271024 1.1793234 1.1768337 1.2774326 1.1030447 1.1342104 1.1772056 1.2151284 1.1592662 1.1103067 1.2737621 1.1830589 1.1259309 1.1780988 1.1162876 1.1297441 1.1418247 1.1605772 1.0381249 1.0970361 1.1193972 1.1239951 1.1686730 1.2017853 1.1256838 0.9847494 1.0045122 1.0239683 5.2253350 0.6454707 0.6915246 1.1878497 1.6004896 0.7603183 1.4442376 1.6344491 1.4299651 1.4064967 1.6920199 1.4785479 1.4734213 1.4736047 1.7146230 1.5820106 1.4726889 1.5470725 1.5376241 1.5457544 1.6639985 1.6859301 1.5391997 1.4615923 1.4871390 1.3427305 1.5935740 1.5332424 1.4674060 1.3822501 1.4838927 1.4073602 1.6017593 1.5940168 1.6626544 1.5769277 2.0922641 1.9490936 1.4537039 1.6543773 1.6927021 1.9799515 1.4612067 1.6987601 1.6665167 1.8008312 1.7863532 1.9453618 1.7386436 1.7482739 1.7876566 1.7874229 1.9006030 1.7972548 1.7646546 1.8224160 1.6529355 1.6650644 1.7382466 1.6397064 1.4873509 1.4844206 1.4479451 1.5036639 1.4928968 1.5247401 1.6530227 1.4706546 1.6942639 1.4487122 1.5389863 1.4728692 1.4921868 1.4233838 1.3600472 1.7318123 1.7188987 1.4555900 1.6460276 1.9283666 1.7414654 1.6262230 1.2973704 1.2778068 1.3287676 1.3117058 1.7917702 3.0644237 3.1075089 3.0780621 3.1744432 3.0609588 3.0819819 3.0780621 3.0780621 3.4254077 3.1014207 3.1014207 3.3372118 3.2064673 3.0780621 3.2581206 3.2359395 2.9370888 3.0790258 2.7350856 4.1385447 4.3770797 4.3267037 4.2263157 4.4507044 3.7680160 3.6604993 3.9901681 4.4592695 4.0072513 4.8184588 4.6544046 4.5961816 4.8669227 3.3872620 4.6709572 4.4130989 2.8810352 2.8654693 3.1416357 2.4162195 3.1200396 3.0448431 2.7951190 3.0010157 3.5690679 3.9155142 3.5650693 3.6863305 3.4110415 3.1475309 3.5998955 3.3537722 3.5547565 3.2313943 2.7179385 3.3071520 3.1397562 3.9352989 3.4457249 2.9351399 2.8287107 
AKR1B8|NP_032038.1|Mus                                              0.9762490 0.9876402 0.9741016 0.9578794 0.4165164 0.4014550 0.4506598 0.4442400 0.4562765 0.4577064 0.2165748 0.0000000 0.0852323 0.2173586 0.4634073 0.0579653 0.2045693 0.2492600 0.1941363 0.1834990 1.0766674 1.0544744 1.1433360 1.0776435 1.0494853 1.1800839 1.1078243 1.2438430 1.2604853 1.2125656 1.1911267 1.0928438 1.1522387 1.1403649 1.2661258 1.1089414 1.1473523 1.2059936 1.2507148 1.1353515 1.1114203 1.2448859 1.1464991 1.0633420 1.1678782 1.0874252 1.0949453 1.0851664 1.1101654 1.0588405 1.1199264 1.1109928 1.1113904 1.1368579 1.2008560 1.1149569 1.0131504 0.9978399 1.0597973 5.4984188 0.6702043 0.6962139 1.2688402 1.5397819 0.7410434 1.3482403 1.4992785 1.3670598 1.3705851 1.7373941 1.4775793 1.5295554 1.5567517 1.7108179 1.5667913 1.5628020 1.6372067 1.5852891 1.5944803 1.6036845 1.7143712 1.6841709 1.4308611 1.5090593 1.3628087 1.5959297 1.5192302 1.4510560 1.3986343 1.4216293 1.4404904 1.6385828 1.6654359 1.6673019 1.5976083 2.0820385 1.8712671 1.4718150 1.7488333 1.6695594 1.9469678 1.3865042 1.7149984 1.7049110 1.8303334 1.8033370 2.1315397 1.8479087 1.8584074 1.7861509 1.9116160 1.9661525 1.9319871 1.8971588 1.9848815 1.5330425 1.5311258 1.6006194 1.5782845 1.5014161 1.4984902 1.4854578 1.5861879 1.5212827 1.5455975 1.6448924 1.5341338 1.5660578 1.5210854 1.5259579 1.5090626 1.5109914 1.3732380 1.3027423 1.6429651 1.6644280 1.4105298 1.6428174 1.9196204 1.7596425 1.6429216 1.2846591 1.3097742 1.3394535 1.3443838 1.6974445 2.9781216 3.0200470 2.9579787 3.0846082 2.9746958 2.9952140 2.9579787 2.9579787 3.4072129 2.9803523 2.9803523 3.3367069 3.2376804 2.9579787 3.2862450 3.0661041 2.8792937 3.0666633 2.6232306 4.1493996 4.4055593 4.2641088 4.1247938 4.3196393 3.9519341 3.8026661 3.8069472 4.3158733 3.8876455 4.4053801 4.1423535 4.3054939 4.4408403 3.1234566 4.5712322 4.4298338 2.8871715 2.8613097 3.1335130 2.5355696 3.2008061 2.9171201 2.7554815 3.0372227 3.4915087 3.8017097 3.4689443 3.5689631 3.3222606 2.9070973 3.4190861 3.3458393 3.5115729 3.3018311 2.6999505 3.0990551 3.0088783 4.2794051 3.3058285 2.9911472 2.6090567 
AKR1B9|AAC53199.1|Cricetulus                                        1.0270854 1.0214900 1.0124989 0.9982657 0.3970742 0.3894166 0.4306862 0.4118504 0.4410968 0.4459042 0.2575664 0.0852323 0.0000000 0.2029099 0.4671153 0.0963333 0.2408560 0.2309435 0.2374457 0.1747460 1.0345687 1.0130342 1.0842830 1.0226887 1.0311794 1.1327294 1.0541329 1.1810438 1.1955518 1.1862966 1.1738385 1.0540544 1.0995481 1.0842225 1.1939975 1.0512181 1.1074791 1.1573250 1.1967331 1.1496887 1.0398145 1.1797194 1.0902379 1.0423440 1.1243559 1.0520328 1.0476143 1.0461871 1.0704213 0.9892801 1.0459366 1.0412956 1.0588535 1.0880238 1.1609299 1.0904139 0.9468291 0.9574134 1.0031125 5.5370644 0.6976308 0.7247695 1.2317871 1.5259891 0.7477697 1.3191756 1.5832489 1.4312898 1.4129210 1.7657906 1.5093269 1.6055000 1.5595872 1.7079138 1.5791626 1.5568668 1.6705939 1.6465509 1.6355294 1.7262259 1.7857332 1.7328753 1.4776462 1.5568672 1.4400458 1.6295220 1.5763782 1.5521778 1.4385285 1.4322559 1.3744791 1.5775104 1.6032837 1.6109100 1.6127816 2.1100256 1.9404983 1.4758046 1.7368523 1.6640918 2.0316268 1.4389449 1.7286198 1.7358679 1.8894135 1.8616022 2.1958048 1.8718347 1.8700313 1.8352697 1.9434289 1.9361467 1.9558282 1.9088325 2.0100885 1.6220934 1.6204517 1.6909284 1.6864067 1.5443725 1.5336625 1.5295720 1.6205265 1.5055687 1.5749286 1.6267015 1.6075345 1.6379242 1.5538192 1.5877516 1.5548627 1.5433425 1.3575781 1.3091296 1.7117970 1.6857938 1.4619358 1.6570366 2.0006211 1.8205107 1.6748335 1.3337630 1.3389195 1.3647965 1.4058125 1.6982214 3.0683449 3.0994631 3.0294078 3.1656982 3.0649067 3.0741725 3.0294078 3.0294078 3.3458440 3.0455340 3.0455340 3.3328623 3.2575976 3.0294078 3.3144583 3.0461070 3.0663550 3.3171398 2.8272610 4.3830722 4.6542127 4.4481797 4.3633822 4.6720711 4.0179749 3.8820694 4.0692524 4.5681438 4.1294969 4.8990274 4.6208480 4.8389128 4.9904834 3.2196561 4.5973651 4.3631940 3.1194946 2.9355238 3.1969867 2.6353287 3.4156274 3.0810799 2.9102365 3.1174339 3.6335257 3.8913567 3.6267608 3.8580184 3.3718192 3.0113672 3.5831330 3.5377193 3.6276790 3.5333489 2.6575532 3.2851384 3.2256523 4.3491539 3.5435604 3.0808980 2.7846014 
AKR1B10|NP_064695.3|Homo                                            1.0018882 0.9773591 0.9793634 0.9861405 0.4028126 0.3839864 0.4164903 0.4043450 0.3972912 0.4045275 0.2477357 0.2173586 0.2029099 0.0000000 0.4482720 0.2214520 0.2833165 0.0904513 0.2181860 0.1652588 1.0591307 1.0317357 1.0730166 1.0516382 0.9923194 1.0629002 1.0589179 1.1601314 1.1790138 1.1878995 1.1706930 1.0385436 1.1526880 1.1346539 1.1890803 1.0009262 1.0883376 1.1617235 1.1714061 1.0718779 0.9919035 1.2148294 1.1407983 1.0662081 1.1243747 1.0810561 1.0318354 1.0830134 1.1012718 0.9597676 1.0633421 1.0278020 1.0264750 1.0801682 1.1729042 1.1237473 0.9354739 0.9177896 0.9637930 5.4078596 0.7144420 0.7361105 1.2584306 1.6414581 0.7042111 1.3812710 1.6613642 1.4100912 1.4308886 1.6857054 1.4471890 1.5137508 1.5426380 1.6461388 1.5715486 1.5399340 1.5867696 1.6029333 1.5933101 1.6207956 1.7461778 1.6398271 1.5238656 1.4787420 1.3470498 1.6070117 1.5508840 1.4894157 1.4604481 1.4477566 1.4303538 1.5177665 1.5251557 1.5882792 1.5331898 2.1325068 2.0018688 1.4725339 1.7289949 1.7082623 2.0861290 1.4239529 1.7890616 1.7909038 1.9541989 1.9244823 2.1024875 1.8454225 1.8622616 1.9195166 1.9647218 2.0294200 1.9707685 1.9136250 2.0400201 1.6177354 1.5971676 1.6963958 1.6815235 1.4997646 1.4952514 1.4679899 1.5484118 1.4941914 1.6033968 1.6637843 1.5551197 1.6564436 1.4955135 1.5648789 1.4724940 1.5050556 1.3682502 1.2917980 1.6636479 1.8300479 1.5353186 1.6599971 2.0516219 1.7778293 1.7073377 1.2887808 1.3153417 1.3041945 1.3337807 1.8068073 3.0331125 3.0638342 3.0531446 3.1291147 3.0489829 3.0388220 3.0531446 3.0531446 3.5114768 3.0761528 3.0761528 3.4506942 3.4065085 3.0531446 3.4671433 3.2905275 3.0739620 3.1611269 2.9058298 4.1065288 4.4144524 4.3271809 4.2631799 4.5302034 3.9801445 3.8427657 3.9766682 4.4426431 3.9341680 4.8578427 4.7214850 4.6772889 4.8287128 3.3309879 4.8414740 4.6044242 2.9143059 2.9610445 3.3317063 2.5974949 3.1652380 3.1272391 2.8786761 3.0347613 3.6350538 4.0493468 3.8007862 3.7109862 3.3657472 2.9253049 3.6916550 3.2958733 3.5003309 3.2365313 2.7538719 3.2002580 3.1919168 4.1216868 3.5417099 3.2187457 2.8020942 
AKR1B12|CAC40811.1|Gallus                                           1.0852036 1.0939088 1.1154504 1.0880445 0.4761211 0.4650504 0.4723488 0.4556114 0.5090563 0.5250525 0.4731889 0.4634073 0.4671153 0.4482720 0.0000000 0.4708994 0.5123456 0.5043193 0.4970985 0.5178437 0.9836281 0.9720022 0.9956322 0.9596772 0.9460941 0.9847783 1.0335378 1.0672957 1.1837921 1.1402565 1.1147999 0.9944255 1.0551189 1.0514320 1.1339888 0.9696679 1.0286582 1.0625823 1.0906967 0.9973474 0.9771032 1.0649697 1.0454768 0.9964215 1.0673614 1.0031234 0.9743287 1.0114267 1.0422912 0.8952825 1.0461117 1.0053605 0.9768083 1.0119356 1.0982708 1.0905420 1.0070555 0.9837317 1.0792805 5.1729832 0.6692666 0.6177987 1.0864460 1.5065603 0.7899473 1.2505779 1.4940905 1.2799666 1.3451506 1.5842301 1.4075417 1.4703563 1.3767787 1.5380280 1.5629918 1.3741168 1.5149230 1.5233640 1.4769617 1.7050659 1.7646969 1.6276020 1.3679738 1.2953084 1.2527525 1.5019816 1.3430635 1.3473102 1.4549121 1.4785469 1.4905039 1.5403415 1.5478031 1.6054940 1.5291609 2.0174688 1.8041457 1.4978795 1.7041842 1.8895008 2.0237144 1.5592413 1.7932047 1.7457266 1.8713598 1.8442436 1.8916123 1.8913334 1.9062893 1.7911008 1.8851926 1.9951658 1.9450874 1.9146532 1.9239152 1.5514824 1.5864793 1.6094428 1.5847968 1.5145846 1.5026303 1.4893576 1.5365122 1.4916530 1.4848256 1.5457211 1.5423721 1.6430997 1.5576949 1.4698324 1.4815129 1.4764877 1.3930385 1.2037855 1.6901994 1.7112215 1.5223621 1.6216254 1.9089632 1.8124002 1.4496673 1.3454369 1.3490967 1.3060453 1.3585274 1.6830482 2.8495864 2.8491764 2.9374528 2.9103055 2.8160701 2.7983033 2.9374528 2.9374528 3.3714238 2.9312451 2.9312451 3.2450939 3.2665946 2.9374528 3.3281397 3.3758754 2.8724451 2.9783868 2.6796856 4.0051209 4.0239960 4.0358808 3.9503044 4.3439953 3.7265807 3.5385649 3.5672894 3.8965029 3.9876799 4.4350156 4.2427071 4.4176756 4.6304565 3.3700982 4.8764079 4.4411020 2.9628197 2.9629217 2.9690915 2.4966098 3.5879320 2.8408827 2.7862730 3.1676672 3.4092828 3.6093809 3.6036177 3.6350221 2.8909814 3.1602199 3.3707860 3.2987679 3.1109099 2.7380748 2.7902380 2.8814830 3.0090729 4.1576817 3.2629072 2.9489485 2.8634578 
AKR1B13|CAC80649.1|Rattus                                           0.9954415 1.0052057 0.9813766 0.9650408 0.3928110 0.3796501 0.4371102 0.4297441 0.4414625 0.4490455 0.2188713 0.0579653 0.0963333 0.2214520 0.4708994 0.0000000 0.2100302 0.2388897 0.1969838 0.2003324 1.0954379 1.0729469 1.1572347 1.0904799 1.0785089 1.1905731 1.1300162 1.2020496 1.2777966 1.2448539 1.2231207 1.1144146 1.1623796 1.1331277 1.3004736 1.1352432 1.1399897 1.2196682 1.2170053 1.1289093 1.1186890 1.2536330 1.1392759 1.0936634 1.1730300 1.1003976 1.1132328 1.1080555 1.1337150 1.0691229 1.1254783 1.1208371 1.1307726 1.1612387 1.1891807 1.1297278 1.0033651 0.9816691 1.0468354 5.5611550 0.6857688 0.6969902 1.2189118 1.5675598 0.7574179 1.3483887 1.4985460 1.4151857 1.4076812 1.6894590 1.4816272 1.5434767 1.5259499 1.6842556 1.5385917 1.5284171 1.6489887 1.6113107 1.5950357 1.6312863 1.7601748 1.6885746 1.4747298 1.4998230 1.3887874 1.6146768 1.5173886 1.4182103 1.3974244 1.4009008 1.4442816 1.6156493 1.6421924 1.6182737 1.5714626 2.0483384 1.8827796 1.5287908 1.7688582 1.6654872 1.9837246 1.4163319 1.6801232 1.6950251 1.8203488 1.7950783 2.1783922 1.8781287 1.8547978 1.8126637 1.9320253 2.0007758 1.9741070 1.9380738 2.0345663 1.5720954 1.5702925 1.6384402 1.6008930 1.5776740 1.5668360 1.5335940 1.5929925 1.5465686 1.6080898 1.7026888 1.5934234 1.6188147 1.5618077 1.5782017 1.5505705 1.5524419 1.4084035 1.3040663 1.6211010 1.6968596 1.4448772 1.6823433 1.9525997 1.7019877 1.6471797 1.2958231 1.3134977 1.3498691 1.3397396 1.7121295 2.9521848 2.9822901 2.9658061 3.0460428 2.9487656 2.9576766 2.9658061 2.9658061 3.3733537 2.9882978 2.9882978 3.2417541 3.1929844 2.9658061 3.2422237 3.1084042 2.9212645 3.1729607 2.7090306 4.2176969 4.4243036 4.2905855 4.1447332 4.3409395 4.1546997 3.9585043 3.8880268 4.3916708 3.9926067 4.5493988 4.2825917 4.4548429 4.6080281 3.2279305 4.6571895 4.4886759 2.9641089 2.9156638 3.0509679 2.6276687 3.1975897 3.0954370 2.8111806 3.0458665 3.6301656 3.8105136 3.5088612 3.5908690 3.3262238 2.9592678 3.5000670 3.4645671 3.6755343 3.4510916 2.6595572 3.1262001 3.0527314 4.3427276 3.3801967 3.0320015 2.7542351 
AKR1B14|NP_446233.2|Rattus                                          1.0289252 1.0235977 0.9915878 0.9751745 0.4458680 0.4352385 0.4834324 0.4784348 0.4760849 0.4988606 0.1488141 0.2045693 0.2408560 0.2833165 0.5123456 0.2100302 0.0000000 0.3104681 0.1356012 0.2515632 1.0948251 1.0642732 1.1455568 1.0911799 1.0762058 1.1086247 1.0779289 1.2365872 1.1816106 1.2646494 1.2463407 1.1059410 1.1512757 1.1446039 1.2147409 1.0933638 1.1343181 1.1553158 1.2347463 1.1485528 1.1139731 1.1946890 1.1507249 1.1160532 1.1518502 1.1215190 1.1009664 1.1064864 1.1228543 1.0366409 1.0785700 1.0568470 1.1163382 1.1339311 1.1760575 1.1391250 1.0160731 1.0047846 1.0735625 5.5983142 0.6866279 0.6925346 1.3274851 1.6227502 0.7834882 1.5029055 1.6429652 1.5262567 1.5317235 1.7447012 1.5027234 1.5423715 1.5783099 1.7985018 1.5583183 1.5755729 1.6428506 1.6200869 1.6513116 1.6727434 1.6953025 1.6592923 1.5344284 1.5184813 1.4771163 1.6445270 1.6475161 1.4962054 1.4250046 1.5082347 1.4701229 1.6667261 1.6584983 1.7509610 1.7129186 2.1231899 1.9869597 1.5075620 1.8234899 1.7152967 2.0176753 1.5193697 1.7514978 1.7296374 1.8462819 1.8161568 1.9665473 1.7303362 1.7399226 1.7858732 1.7587388 1.8599674 1.7892157 1.7604690 1.8092603 1.7404189 1.7440529 1.8176384 1.7318983 1.4995337 1.5274671 1.4590014 1.5885460 1.4871879 1.5471264 1.6854560 1.5239215 1.7498587 1.4741234 1.5356953 1.4682639 1.4898314 1.4674318 1.4123575 1.8395420 1.8133645 1.5220103 1.7182618 1.9220446 1.7920484 1.7053243 1.3102552 1.2885986 1.3819961 1.3716514 1.8572075 2.9014124 2.9417866 3.0325818 3.0034273 2.8980654 2.9178787 3.0325818 3.0325818 3.3500953 3.0528275 3.0528275 3.2191346 3.1619608 3.0325818 3.2119912 3.2161952 2.9392453 3.1143768 2.6477685 4.0780640 4.3412349 4.2852109 4.1111579 4.3495062 3.8559772 3.8880059 4.0623702 4.3795291 3.8339870 4.5303916 4.4704344 4.2767013 4.4522433 3.3649282 4.8587520 4.6535931 2.8661424 3.0639489 3.1824969 2.4684401 3.3151056 2.9522374 2.9032038 3.1061450 3.6000364 3.9716878 3.5914632 3.6373701 3.4156204 3.0866208 3.7809024 3.3731040 3.3870810 3.2001161 2.7632395 3.2680739 3.0554492 4.1959340 3.5505955 3.0204615 2.8056364 
AKR1B15|EAL24068.1|Homo                                             1.1115038 1.1121250 1.1174591 1.1057791 0.4701555 0.4411977 0.4752998 0.4622738 0.4675027 0.4824510 0.2990799 0.2492600 0.2309435 0.0904513 0.5043193 0.2388897 0.3104681 0.0000000 0.2554436 0.2271234 1.1166146 1.1026305 1.1434554 1.1325295 1.0883729 1.0895969 1.1175073 1.1897850 1.2045442 1.2288021 1.2112684 1.1776565 1.2304887 1.2173036 1.2866192 1.0808932 1.1770398 1.2224920 1.1903966 1.2008258 1.0663062 1.2582104 1.2236476 1.1130073 1.2073133 1.1634461 1.1292831 1.1561646 1.1741007 1.0516867 1.1461615 1.0940504 1.1217814 1.1462115 1.2410713 1.1862304 1.0275438 0.9917064 1.0648902 5.9849822 0.7941955 0.7793173 1.3214482 1.7113776 0.8104917 1.5218690 1.7815857 1.5777394 1.5686276 1.8041310 1.5678354 1.6257624 1.6412765 1.7540122 1.6529125 1.6360974 1.7061362 1.7081549 1.6971545 1.7079496 1.8950208 1.7767512 1.6411908 1.5451151 1.4104579 1.6904252 1.6449906 1.5772538 1.5837389 1.4928777 1.5710572 1.6858732 1.7134764 1.7339583 1.6108741 2.2716284 2.0957613 1.6239242 1.7976642 1.7137393 2.1174416 1.5964409 1.8829893 1.8798615 2.0410031 2.0098345 2.2631583 1.9941206 2.0132492 1.9969339 2.0362058 2.1249494 2.0604553 2.0009849 2.1891122 1.6227690 1.6549924 1.6987542 1.6594890 1.6304841 1.6262585 1.6309362 1.6723367 1.6549558 1.7402927 1.7786525 1.6821933 1.6773549 1.6772497 1.7512132 1.6409796 1.6770320 1.5050949 1.3866122 1.8123116 1.9633238 1.6298505 1.7913150 2.1071377 1.8622242 1.8277754 1.3438624 1.3567983 1.3189250 1.3784736 1.9904014 3.2237938 3.2564898 3.2570240 3.3266021 3.2410633 3.2301104 3.2570240 3.2570240 3.7048786 3.2809521 3.2809521 3.6367894 3.6191677 3.2570240 3.6842336 3.5442540 3.3368157 3.4563384 3.0655765 4.4641677 4.7417751 4.7751623 4.5733654 4.8633765 4.4440164 4.3248207 4.1438229 4.5649278 4.3098720 5.1456237 4.9507247 4.9514770 4.7913082 3.4528408 5.0052423 4.7797099 3.2195021 3.3187026 3.4792373 2.6782081 3.4602810 3.2619782 3.2021065 3.2653016 3.8636079 4.3069360 4.0662866 3.8924527 3.6200173 3.1400339 4.0751497 3.5539530 3.9139992 3.4799677 2.8315826 3.3999047 3.3126729 4.3421445 3.7577187 3.4233454 3.1058526 
