205
AKR1A1|NP_006057.1|Homo                                             0.0000000 0.0625898 0.0640126 0.0725715 0.9393035 0.9463054 0.9425694 0.9428339 0.9894366 0.9212211 0.9964655 0.9649722 1.0151148 0.9900958 1.0718217 0.9838307 1.0168797 1.0973197 1.0622755 0.9650414 1.2145063 1.2147722 1.3160739 1.2032018 1.2782500 1.2689447 1.2825886 1.3928786 1.4219456 1.3466631 1.3598642 1.2703786 1.3306481 1.2703161 1.4000362 1.3309956 1.3380312 1.3737109 1.3447376 1.3407239 1.2342897 1.3414422 1.2638921 1.2893764 1.3803415 1.2221224 1.2509030 1.2453611 1.2832811 1.2483214 1.2525956 1.2385400 1.2302003 1.2701030 1.2795832 1.3220811 1.2059496 1.1548412 1.2356241 4.3842736 1.0739376 1.1856413 1.5113812 0.9183904 1.2258887 1.5849649 1.4141287 1.3671649 1.5214151 1.4955517 1.6041655 1.4085565 1.4920219 1.4340680 1.4103989 1.4508216 1.3932536 1.3916496 1.6290190 1.4677462 1.4962512 1.2956127 1.5268814 1.5219975 1.3107201 1.5895575 1.6306558 1.3484644 1.2547605 1.3488609 1.2860998 1.3564738 1.3818744 1.3533521 1.6630270 1.8061030 2.0516033 1.3950982 1.8959050 1.8253958 1.9422045 1.2301178 1.5524871 1.5582706 1.5635980 1.5610655 1.8572377 1.8804894 1.9309563 1.7736000 1.7629857 1.7769434 1.7548065 1.7111074 1.8133052 1.6181998 1.6016882 1.6604093 1.5587924 1.4039805 1.4006419 1.2305403 1.3855442 1.4020317 1.3304399 1.4644909 1.2818996 1.6055973 1.3123343 1.3733585 1.2370063 1.2233865 1.3197689 1.3135364 1.4787596 1.6322569 1.4683851 1.6212528 1.9851735 1.8146811 1.4976719 1.2341734 1.2259131 1.1480095 1.1956855 1.6224689 3.0717995 3.1026142 3.1216889 3.1725722 3.1027914 3.0884170 3.1216889 3.1216889 3.3513334 3.1113417 3.1113417 3.3849971 3.1852427 3.1216889 3.3082730 3.0510337 2.9193670 2.7374762 2.7520887 3.4078766 3.5041732 3.4434984 3.4526590 3.6320537 3.1884848 3.1746448 3.5506229 3.5695942 3.8221638 3.8435103 4.1615332 3.7617204 3.7069165 3.0953527 3.9746087 3.8509584 2.8245572 2.9144924 3.0118839 2.6275763 2.8277483 3.1604516 2.8375325 3.0237943 3.3893561 3.3014263 3.6054047 2.8936293 3.0682589 2.8645103 3.0921081 2.6817205 3.0352516 2.7937904 2.8798046 2.8006348 3.5770061 3.3432961 2.7090116 
AKR1A2|P50578.3|Sus                                                 0.0625898 0.0000000 0.0796270 0.0933396 0.9511404 0.9446711 0.9524234 0.9527202 0.9781748 0.9258393 0.9881143 0.9759929 1.0094189 0.9656724 1.0802864 0.9932738 1.0113792 1.0976870 1.0566483 0.9609062 1.2108585 1.2151254 1.2989906 1.2136730 1.2846749 1.2344587 1.2823707 1.3955560 1.4215984 1.3251826 1.3381526 1.2719564 1.3157067 1.2560015 1.3962909 1.3399293 1.3184973 1.3542160 1.3426215 1.3253144 1.2042757 1.3313995 1.2496084 1.2889359 1.3607057 1.2234990 1.2718733 1.2459969 1.2800693 1.2331990 1.2614930 1.2448873 1.2324355 1.2405916 1.3053990 1.3211876 1.1779766 1.1322855 1.2266614 4.3246234 1.0618954 1.1830399 1.4995624 0.9032617 1.2208789 1.5783551 1.3899161 1.3611652 1.4765111 1.4111203 1.5805771 1.3490407 1.4537067 1.3961837 1.3506897 1.3907127 1.3363733 1.3688280 1.5519948 1.4180004 1.4507754 1.3266593 1.4817399 1.4435065 1.3342722 1.6341276 1.6439211 1.3988879 1.2860883 1.3884965 1.3335450 1.3511514 1.3739237 1.3155389 1.6665791 1.8293346 1.9962592 1.3729896 1.8848127 1.8195807 1.8915511 1.2248310 1.5229389 1.5219376 1.5127034 1.5102473 1.8494248 1.8697029 1.9199352 1.7327896 1.7544391 1.7640762 1.7283820 1.6854126 1.7729982 1.5638138 1.5482056 1.6049055 1.5018891 1.4092705 1.4059508 1.2364638 1.3549355 1.3777216 1.3138583 1.4228662 1.2696314 1.5637972 1.3053568 1.3723710 1.2429839 1.2292708 1.2818107 1.2928143 1.4459140 1.5940600 1.4641693 1.6132387 1.9317623 1.7881628 1.4990200 1.2028830 1.1966415 1.1586896 1.1999888 1.6057047 3.0173780 3.0475856 3.1013980 3.1157003 3.0476133 3.0337620 3.1013980 3.1013980 3.4616624 3.0910921 3.0910921 3.2822256 3.2680884 3.1013980 3.3867749 2.9460479 2.9321186 2.7527999 2.7466284 3.3301885 3.4528699 3.4178429 3.4496284 3.5537118 3.2331146 3.1892967 3.5803153 3.4362486 3.7896518 3.7169936 4.1170965 3.6736868 3.7044485 3.0468095 3.9601253 3.7971103 2.7473015 2.8800334 2.8586005 2.4233055 2.7454188 3.1833451 2.8589333 2.9113855 3.3048822 3.3033006 3.4671467 2.9019073 2.9323781 2.7650627 3.0729830 2.6586021 2.9942179 2.7194428 2.9241257 2.7798618 3.4794153 3.3284842 2.6644281 
AKR1A3|P51635.2|Rattus                                              0.0640126 0.0796270 0.0000000 0.0287176 0.9409272 0.9272943 0.9668526 0.9614521 0.9800687 0.9180407 0.9817861 0.9626981 1.0005064 0.9675755 1.1015538 0.9697820 0.9798000 1.1028847 1.0488749 0.9611703 1.2234204 1.2194866 1.3229439 1.2009953 1.2736358 1.2766873 1.2716324 1.3897173 1.4479723 1.3842881 1.3976245 1.2626535 1.3271511 1.2693092 1.4438072 1.3118206 1.3340394 1.3649739 1.3338431 1.3168907 1.2466484 1.3449903 1.2628886 1.3101472 1.3718245 1.2166407 1.2695377 1.2438219 1.2728434 1.2377064 1.2423736 1.2446884 1.2290163 1.2956535 1.2797064 1.3158352 1.2221650 1.1469602 1.2476864 4.2287498 1.0453512 1.1516162 1.4619790 0.8873154 1.2182164 1.5584151 1.3959419 1.3588285 1.4718828 1.4311195 1.5707886 1.3663919 1.4844126 1.4082496 1.3680927 1.4317910 1.3447586 1.3747770 1.5896106 1.4122347 1.4302498 1.3240710 1.5336771 1.4827287 1.3757132 1.5958636 1.6344366 1.3900641 1.2723738 1.3563535 1.3059598 1.3099414 1.3313289 1.3309646 1.7154112 1.8424976 2.0046857 1.3568974 1.8630606 1.8162828 1.9281407 1.2328569 1.5120537 1.4942278 1.4813371 1.4789299 1.8224590 1.8861605 1.9365592 1.7213120 1.7454912 1.7539832 1.7406066 1.6975076 1.7488833 1.5984838 1.5825325 1.6437976 1.5398245 1.4310039 1.4277992 1.2320735 1.3836876 1.4258999 1.3463911 1.4667283 1.3067488 1.5973289 1.3048433 1.3901922 1.2385456 1.2244178 1.3488151 1.3188719 1.4479733 1.5917374 1.4715422 1.6015805 1.9509542 1.7529840 1.4970375 1.2211930 1.2168804 1.1372880 1.2116507 1.5792756 3.0229908 3.0535586 3.0718434 3.1225455 3.0536025 3.0395598 3.0718434 3.0718434 3.3446293 3.0588543 3.0588543 3.3460079 3.1509592 3.0718434 3.2732681 2.8515546 2.8629508 2.7248364 2.7243979 3.3039825 3.4597787 3.3841224 3.4584696 3.5248287 3.1423683 3.1274511 3.4720514 3.4424865 3.7218980 3.5842534 3.9961667 3.5368564 3.5289622 3.1221827 3.8444507 3.7080446 2.7220899 2.8165456 2.9146980 2.5034627 2.6682210 3.0069854 2.7566219 2.8589524 3.2687010 3.2078429 3.4463770 2.7847552 2.9783816 2.6959193 2.9334190 2.5448036 2.9146186 2.7730718 2.8576936 2.7648889 3.5045931 3.2161380 2.5766796 
AKR1A4|NP_067448.1|Mus                                              0.0725715 0.0933396 0.0287176 0.0000000 0.9678203 0.9337340 0.9678173 0.9660188 0.9923027 0.9327454 0.9819199 0.9467346 0.9864430 0.9742408 1.0744628 0.9537138 0.9636524 1.0913622 1.0317206 0.9450253 1.1821916 1.1782919 1.2831404 1.1640783 1.2621304 1.2502150 1.2584645 1.3723367 1.4117338 1.4019308 1.4098331 1.2299439 1.3291234 1.2736168 1.4230786 1.2942885 1.3129037 1.3435558 1.3139952 1.2963095 1.2326434 1.3182380 1.2671566 1.2681397 1.3717959 1.1791967 1.2723806 1.2464679 1.2757182 1.2263426 1.2507593 1.2529856 1.2229994 1.2527980 1.2777151 1.3129314 1.2104174 1.1545817 1.2366958 4.3007320 1.0526054 1.1619745 1.4403223 0.9162731 1.1973840 1.5703130 1.4053840 1.3785874 1.4939800 1.4490645 1.5779500 1.3509851 1.4802882 1.4076077 1.3526352 1.4337328 1.3467112 1.3766976 1.5564483 1.4112090 1.4363103 1.3184032 1.4809290 1.4752077 1.3390923 1.6291875 1.6057291 1.3657249 1.2612927 1.3408896 1.3094667 1.3301002 1.3526386 1.3364457 1.6665521 1.8108906 2.0568111 1.3266114 1.8585543 1.8158015 1.9345817 1.2134008 1.5061984 1.4782636 1.4725804 1.4632771 1.8092001 1.8907370 1.9412283 1.7086719 1.7341295 1.7143734 1.7271373 1.6846293 1.7298338 1.5933413 1.5774112 1.6373882 1.5177124 1.4294232 1.4262072 1.2215214 1.3990719 1.4327672 1.3609886 1.4737594 1.2863173 1.5901218 1.3087111 1.3757733 1.2279063 1.2133182 1.3261281 1.2953566 1.4197649 1.6172965 1.4885688 1.5971242 1.9427121 1.8013158 1.4967978 1.2153126 1.2170352 1.1350614 1.2304352 1.5611872 2.9956849 2.9789411 3.0693809 3.0453788 2.9787928 2.9654594 3.0693809 3.0693809 3.2732999 3.0564231 3.0564231 3.2409858 3.1114545 3.0693809 3.2314674 2.8788105 2.9014069 2.7453297 2.7433968 3.2872333 3.4498622 3.3765499 3.4506301 3.5167514 3.2522483 3.2804711 3.5421266 3.4760874 3.7340213 3.5414963 3.9417070 3.4915518 3.5379497 3.1210307 3.8071517 3.6890655 2.7669721 2.8688428 2.9362889 2.4867968 2.7164727 3.0873964 2.7964879 2.8888701 3.3219544 3.2931811 3.4469583 2.8114537 2.9761194 2.7860747 2.9359546 2.6218837 2.9297976 2.7423013 2.8903331 2.7786299 3.5118780 3.3159107 2.6317324 
AKR1B1|NP_001619.1|Homo                                             0.9393035 0.9511404 0.9409272 0.9678203 0.0000000 0.1223904 0.1657056 0.1647572 0.1564073 0.1520697 0.3951868 0.4142657 0.3951047 0.4007946 0.4733540 0.3907558 0.4433546 0.4672977 0.4257699 0.3759725 0.9951180 0.9838001 1.0214289 0.9807488 0.8973189 0.9628546 0.9544622 1.0652081 1.1124007 1.0665053 1.0475329 0.9796901 1.0876636 1.1017778 1.0883631 0.9433052 1.1216258 1.1716817 1.0279791 1.0221155 0.9318451 1.0722891 1.1077914 0.9837470 1.1100342 0.9912552 0.9160484 0.9399076 0.9687062 0.8774721 0.9397172 0.9195737 0.9363278 0.9784032 1.1579278 1.1523729 0.9200113 0.8433540 0.9840595 4.5413389 0.6341524 0.6600610 1.4056573 0.6669448 1.2907550 1.5289718 1.2907520 1.2341582 1.5114827 1.4359578 1.3723051 1.3613317 1.4994408 1.4406723 1.3599943 1.4175927 1.4402468 1.4283523 1.4761633 1.5210894 1.5443492 1.4014579 1.3936427 1.0980272 1.2991705 1.4716251 1.4293812 1.3742302 1.3275992 1.2889197 1.3073564 1.3620182 1.3826798 1.3533445 1.6586929 1.8823336 1.9460252 1.3865134 1.6591004 1.7425102 1.8712026 1.2351245 1.6589901 1.6448360 1.6695700 1.6786824 1.8004874 1.6127153 1.6280954 1.6998206 1.7691769 1.7988949 1.7893858 1.7366471 1.6563556 1.5015306 1.4846996 1.5686741 1.4888637 1.3886201 1.3949818 1.3299206 1.4102701 1.3399484 1.3054997 1.4563694 1.4369452 1.5191904 1.2867177 1.3130642 1.3082836 1.3170970 1.3236024 1.1992220 1.5833626 1.5335926 1.4943022 1.4761233 1.8508177 1.6525232 1.4660326 1.1930268 1.2825041 1.2286880 1.3006669 1.5319551 3.2945654 3.3109766 3.2157286 3.3860443 3.3130841 3.2830698 3.2157286 3.2157286 3.6917943 3.2339972 3.2339972 3.5228305 3.5429772 3.2157286 3.6040589 3.2610460 3.2085677 3.3573805 2.8776319 3.9312561 4.0194727 4.1081448 3.8352979 4.0969288 3.7897867 3.7523045 3.7279509 3.9177269 3.8618963 3.9526806 3.8055717 4.1393586 4.4353827 3.2523909 4.8538041 4.3333642 2.9785373 2.8702398 2.9475333 2.4465877 3.2000471 3.1052044 2.8493382 3.0352838 3.7749474 4.0116320 3.9480422 2.9819132 3.0638428 3.0846740 3.3979150 3.0872287 3.0864093 3.0400450 3.1278232 3.1184953 3.9025153 3.3721409 2.9216231 
AKR1B2|P15122.3|Oryctolagus|cuniculus|Animalia|Mammalia|Lagomorpha  0.9463054 0.9446711 0.9272943 0.9337340 0.1223904 0.0000000 0.1315537 0.1350587 0.1518275 0.1565204 0.4010728 0.3991578 0.3873371 0.3819290 0.4620705 0.3775475 0.4326501 0.4384447 0.4008641 0.3807270 1.0001104 0.9886149 1.0455273 1.0162498 0.9371265 0.9913806 0.9803620 1.0728108 1.1285136 1.0953189 1.0608054 0.9973529 1.0562912 1.0698361 1.1159288 0.9705171 1.0633029 1.1092784 1.0513324 1.0472854 0.9880377 1.0972782 1.0758165 0.9630779 1.0619179 1.0249823 0.9678769 0.9997963 1.0278321 0.9038080 0.9690868 0.9614974 0.9831713 1.0089568 1.1057681 1.0687780 0.9930532 0.8759540 1.0106684 4.5746377 0.5832816 0.6317528 1.3952365 0.6588413 1.2229764 1.4911439 1.2481477 1.2104774 1.6067560 1.4804738 1.4079812 1.3710940 1.5760589 1.4876819 1.3697449 1.4627495 1.4601796 1.4388914 1.4528653 1.4839484 1.6007060 1.3761123 1.3971439 1.0313744 1.2709347 1.4732269 1.4074269 1.3045430 1.3879021 1.3749083 1.3832824 1.3861706 1.3821725 1.3612890 1.6495007 1.9329149 1.9447243 1.4068468 1.6408953 1.7937836 1.9375894 1.2800480 1.6755548 1.6225315 1.6631332 1.6567182 1.8411052 1.7359407 1.7419012 1.7586443 1.7823432 1.8357487 1.8115585 1.7762555 1.7082906 1.3888150 1.3724777 1.4897945 1.4122482 1.3650090 1.3743844 1.3087986 1.3513503 1.3029538 1.2972860 1.4108270 1.4356913 1.4017707 1.2990254 1.3568365 1.3248844 1.3191276 1.3625621 1.1819219 1.6159428 1.5692699 1.4213145 1.3983008 1.8971854 1.6825046 1.4827109 1.1914632 1.2793011 1.2201944 1.2738875 1.5637671 3.2341557 3.2679196 3.1877811 3.3407265 3.2519030 3.2407309 3.1877811 3.1877811 3.6170473 3.2115824 3.2115824 3.4264159 3.4582867 3.1877811 3.5356345 3.1525879 3.2241066 3.3240056 2.8737688 4.0300678 4.0712237 4.1901332 3.9763685 4.1807370 3.6139697 3.7151169 3.6960172 3.8550429 3.8667553 4.0094035 3.9358960 4.0969569 4.3553208 3.0527597 5.0673858 4.5317681 3.0136354 2.8972433 3.1217161 2.5785312 3.2577407 3.1289547 2.9333211 3.0540860 3.6589494 3.9728175 3.7784039 3.1456713 3.1164054 3.0574150 3.3201135 3.0138566 3.0854796 2.9888747 3.0882540 3.1208926 3.8185496 3.4671935 2.9141087 
AKR1B3|P45376.3|Mus                                                 0.9425694 0.9524234 0.9668526 0.9678173 0.1657056 0.1315537 0.0000000 0.0324626 0.1919253 0.1858925 0.4384145 0.4480049 0.4282715 0.4142393 0.4692614 0.4346160 0.4804697 0.4723413 0.4488554 0.4278121 1.0490042 1.0462825 1.0758159 1.0056708 0.9530461 0.9638490 1.0221837 1.1036466 1.1236092 1.0742412 1.0556004 1.0368551 1.0698937 1.0910963 1.1164212 0.9842987 1.0891758 1.1333673 1.0924072 1.0654204 0.9414176 1.1357378 1.0971479 0.9899497 1.0634224 1.0441120 0.9828061 1.0409257 1.0605334 0.9119594 0.9576421 0.9608418 1.0144945 0.9979236 1.1314729 1.1126738 1.0130500 0.9353860 1.0763478 4.5226840 0.6277552 0.6979131 1.4259702 0.6416096 1.3149668 1.5685419 1.3093518 1.2632263 1.5166848 1.4437610 1.3360059 1.3855050 1.5162451 1.4555651 1.3841649 1.4039727 1.4686615 1.4700539 1.4934065 1.6126326 1.6233187 1.3625550 1.3571290 1.0706848 1.2793819 1.4431432 1.4373389 1.3074553 1.3960966 1.4040073 1.3569572 1.3836249 1.3796376 1.3611592 1.5692790 1.8869145 1.9015441 1.3976464 1.6639084 1.7201549 1.9072556 1.2338503 1.6769127 1.6778265 1.7260608 1.6948862 1.9448760 1.7574865 1.7665416 1.7374846 1.8030946 1.8162080 1.8227095 1.7797858 1.7767470 1.3369463 1.3186781 1.4232147 1.3721640 1.3294431 1.3261565 1.2589897 1.3569208 1.2746676 1.2518318 1.4172435 1.3325542 1.3665974 1.2577074 1.3138311 1.2678191 1.2704995 1.2888363 1.1803420 1.6100086 1.5144855 1.4456844 1.3702442 1.9022969 1.6710214 1.4540470 1.1899727 1.2894851 1.2395563 1.2885531 1.5682522 3.0830169 3.1120606 3.0205058 3.1800442 3.0994405 3.0862664 3.0205058 3.0205058 3.3932305 3.0374995 3.0374995 3.2806593 3.2595569 3.0205058 3.3068904 3.1011899 3.0670355 3.1189127 2.7222654 4.0125625 4.0932221 4.1235811 3.9523926 4.2420481 3.7692965 3.6872211 3.7301316 3.9744335 3.9554336 4.1381918 4.0455158 4.3523851 4.6788369 3.1483340 5.0264902 4.5688043 3.0615234 2.9435357 3.1187887 2.5236187 3.2233947 3.0110876 2.9330917 3.0105673 3.5345163 4.0553541 3.8454373 3.1951749 3.0987033 2.9745692 3.4267030 3.0321373 3.1431492 2.9590897 3.0807278 3.0542680 4.0239224 3.4915440 2.8757641 
AKR1B4|NP_036630.1|Rattus                                           0.9428339 0.9527202 0.9614521 0.9660188 0.1647572 0.1350587 0.0324626 0.0000000 0.1900045 0.1856925 0.4380228 0.4417116 0.4096476 0.4022221 0.4527764 0.4273533 0.4755684 0.4594660 0.4441261 0.4256471 1.0665602 1.0638935 1.0917297 1.0231406 0.9714415 0.9770482 1.0402739 1.1108584 1.1415022 1.0772171 1.0585560 1.0529418 1.0767999 1.0980463 1.1350207 0.9819980 1.0938600 1.1380822 1.1032960 1.0681617 0.9554813 1.1496166 1.1040957 1.0056190 1.0719348 1.0617943 1.0030034 1.0628453 1.0827606 0.9152476 0.9666841 0.9698138 1.0300710 1.0169278 1.1442996 1.1234906 0.9980317 0.9204964 1.0608199 4.4281849 0.6270218 0.6945125 1.4038231 0.6433479 1.2789239 1.5364297 1.2906437 1.2445680 1.5288820 1.4494873 1.3392679 1.3858656 1.5224755 1.4494707 1.3831314 1.4168152 1.4793023 1.4806796 1.5343930 1.6010019 1.6092510 1.3790679 1.3536081 1.0596458 1.2990029 1.4229524 1.4501571 1.3280584 1.3709375 1.3593708 1.3065266 1.3488558 1.3448291 1.3634383 1.5431839 1.9023497 1.8963291 1.3784245 1.6133605 1.6884236 1.9562513 1.2499444 1.6413843 1.6311047 1.7152279 1.6841675 1.9281020 1.7356627 1.7416161 1.7150182 1.7725184 1.7844752 1.7861324 1.7392399 1.7581727 1.3402226 1.3219623 1.4265073 1.3846402 1.3150666 1.3117530 1.2679821 1.3458701 1.2588475 1.2430070 1.4007866 1.3245953 1.3698679 1.2711337 1.3208829 1.2768570 1.2795329 1.2928939 1.1836675 1.5885500 1.5233472 1.4058934 1.3880569 1.8796144 1.6583692 1.4607128 1.1657672 1.2701282 1.2308360 1.2634984 1.5757282 3.1453282 3.1780624 3.0842003 3.2483067 3.1623536 3.1515923 3.0842003 3.0842003 3.4429959 3.1015533 3.1015533 3.3274921 3.3069809 3.0842003 3.3552170 3.1582736 3.0620827 3.1460246 2.7250612 4.0257683 4.1471101 4.1775994 3.9344286 4.2563120 3.7185942 3.6646123 3.6472283 3.9244273 3.9048138 4.1283766 4.0355592 4.3421737 4.6820826 3.1927065 5.0274567 4.5301014 3.0304935 2.8855258 3.0540419 2.4404166 3.1062425 3.0501706 2.9070200 2.8660280 3.4188464 3.9115589 3.7016507 3.1245877 3.0422712 2.9449791 3.3622533 3.0475639 3.1022577 2.9340601 3.0891051 3.0624979 4.0014908 3.4099338 2.8329714 
AKR1B5|P16116.2|Bos                                                 0.9894366 0.9781748 0.9800687 0.9923027 0.1564073 0.1518275 0.1919253 0.1900045 0.0000000 0.1149255 0.4446574 0.4535311 0.4386032 0.3949809 0.5059294 0.4388642 0.4731452 0.4643709 0.4387067 0.4067811 1.0309793 1.0194162 1.0445050 1.0414717 0.9440180 0.9583865 1.0101595 1.0865343 1.1518949 1.1120560 1.0870596 1.0130272 1.0822850 1.1059871 1.1313049 0.9808449 1.1012430 1.1564141 1.0634209 1.0424791 0.9134639 1.1108275 1.1120279 1.0052445 1.1080561 1.0485904 0.9938247 1.0313516 1.0551551 0.9138854 0.9794501 0.9472591 0.9851898 1.0377836 1.1619319 1.1448084 0.9906802 0.8802657 1.0499487 4.6439440 0.6540908 0.6978289 1.5335007 0.6734947 1.3266860 1.5522908 1.2794818 1.2677899 1.6461310 1.5344014 1.4847129 1.4648095 1.5987961 1.5354219 1.4634528 1.5210291 1.5127756 1.4790700 1.5227805 1.5733467 1.6170022 1.4515060 1.4288932 1.1143983 1.3696280 1.5181502 1.4341723 1.3796162 1.4267997 1.3593000 1.3149425 1.4332856 1.4404964 1.4109797 1.6991213 1.8767160 1.9223339 1.3453369 1.7326999 1.7546663 1.9699577 1.3342416 1.6736633 1.6197635 1.6827920 1.6515096 1.8493154 1.6679523 1.6841555 1.7596371 1.8151626 1.8657243 1.8608370 1.8074304 1.8335954 1.4318940 1.4003383 1.5217830 1.4434203 1.4005188 1.4103383 1.2671072 1.3904346 1.3520176 1.3039938 1.4262358 1.4152813 1.4434069 1.2663194 1.3363540 1.2749396 1.2836582 1.3196068 1.2113610 1.7162316 1.5801436 1.4220726 1.4031087 1.9068753 1.7128149 1.5186206 1.2558740 1.3202024 1.3128475 1.3579501 1.6292001 3.4584918 3.4755183 3.4194152 3.5544078 3.4781480 3.4466316 3.4194152 3.4194152 3.8819378 3.4231985 3.4231985 3.6705333 3.7098655 3.4194152 3.8178909 3.3786902 3.4265434 3.5569263 2.9447793 4.1647088 4.1766542 4.2606208 4.0216620 4.2149748 3.8913868 3.8071889 3.9940345 4.1892352 4.0252323 4.3387380 4.1858273 4.3306762 4.5695181 3.3032279 4.9027985 4.3475148 2.9946100 3.0328125 3.0740044 2.5659475 3.3824715 3.1482279 3.1569766 3.0083080 3.8213633 4.1556786 4.0959424 3.1372309 3.2750385 3.1719640 3.5885787 3.2230845 3.2412068 3.1680363 3.3486860 3.3885199 3.9017728 3.5855690 2.8534808 
AKR1B6|P80276.2|Sus                                                 0.9212211 0.9258393 0.9180407 0.9327454 0.1520697 0.1565204 0.1858925 0.1856925 0.1149255 0.0000000 0.4428597 0.4549036 0.4432869 0.4021836 0.5215123 0.4463230 0.4955722 0.4791659 0.4631349 0.4318770 0.9965771 0.9851571 1.0279044 0.9874181 0.9262597 0.9649542 0.9903818 1.0575973 1.1736428 1.0455090 1.0236846 0.9949944 1.0417634 1.0841845 1.1425034 0.9488513 1.0776982 1.1411730 1.0365723 1.0562272 0.9524875 1.0797063 1.0901392 0.9716647 1.0694783 0.9923975 0.9635276 1.0001081 1.0277097 0.8909402 0.9603609 0.9232525 0.9699847 1.0145251 1.1051330 1.0767204 0.9710777 0.8909330 1.0396086 4.4798609 0.6412240 0.7087701 1.4865992 0.6983066 1.3107291 1.5226638 1.2861967 1.2101564 1.6614247 1.5401932 1.4692103 1.5193577 1.5905823 1.5401217 1.5179946 1.5708942 1.5852955 1.5443609 1.4654214 1.5424633 1.6987599 1.4443589 1.3818980 1.1816608 1.2721166 1.4941156 1.4504002 1.3121089 1.3296319 1.2880328 1.3003499 1.4311252 1.4527953 1.3838363 1.6970639 1.8686944 1.9451186 1.3365801 1.7246084 1.7360731 1.8313795 1.2905715 1.6012438 1.6171750 1.6373178 1.6173258 1.7737670 1.5910900 1.6059606 1.7222055 1.6949703 1.7249007 1.6684762 1.6244521 1.6999841 1.3598748 1.3135080 1.4351824 1.4405795 1.3999898 1.4093146 1.3040254 1.4017972 1.3303608 1.2912431 1.4222588 1.4235635 1.3683468 1.3177771 1.3757087 1.3053873 1.3256962 1.2979158 1.1875981 1.6037512 1.5881884 1.4375794 1.3388606 1.9617401 1.6562931 1.5230405 1.1996991 1.2364164 1.2240383 1.2565689 1.5546348 3.3052027 3.3213393 3.2534610 3.3951716 3.3234378 3.2939035 3.2534610 3.2534610 3.5800305 3.2714532 3.2714532 3.4325524 3.4220261 3.2534610 3.5015752 3.1894047 3.1756038 3.2396133 2.7967783 3.8584302 3.8709770 3.9717824 3.7687944 3.9998870 3.6136485 3.8749815 3.7194780 3.8182838 3.6833064 3.8591653 3.8027659 3.9383988 4.0851973 2.9972213 4.9251290 4.4682844 2.8933969 2.8797500 3.0070271 2.5681853 3.1108788 2.9859667 2.9962487 3.0455893 3.5588717 3.8856149 3.7120978 3.0336369 3.0828651 3.1124331 3.3909997 3.0793504 3.2291771 3.1083263 3.1219846 3.1982395 3.9085296 3.3612460 2.9178163 
AKR1B7|P21300.4|Mus                                                 0.9964655 0.9881143 0.9817861 0.9819199 0.3951868 0.4010728 0.4384145 0.4380228 0.4446574 0.4428597 0.0000000 0.2159026 0.2567008 0.2469932 0.4703620 0.2181873 0.1485386 0.2978381 0.1658434 0.2581479 1.1062322 1.0833363 1.1180428 1.0660627 1.0574517 1.1212889 1.0699792 1.1926210 1.2093530 1.1829393 1.1654925 1.1137901 1.1648666 1.1622571 1.2614047 1.0900095 1.1203309 1.1620898 1.1998469 1.1458687 1.0969872 1.2578316 1.1683721 1.1124342 1.1633535 1.1028548 1.1163133 1.1278175 1.1462131 1.0264059 1.0837485 1.1062033 1.1107813 1.1548469 1.1868439 1.1123090 0.9779372 1.0024386 1.0171055 4.7797939 0.6399752 0.6850991 1.5740296 0.7537339 1.4412934 1.6032296 1.3987343 1.3814447 1.6645012 1.4560642 1.4509454 1.4514906 1.6868320 1.5570460 1.4504476 1.5235838 1.5140994 1.5221447 1.6032448 1.5976664 1.5160472 1.4392778 1.4647001 1.1723681 1.3233722 1.5699491 1.5097668 1.4342832 1.3622608 1.4621062 1.3983898 1.5570581 1.5704473 1.6159885 1.5831998 2.0675233 1.9008361 1.4202452 1.6091464 1.6426133 1.9873707 1.4304598 1.6141543 1.6281915 1.7236383 1.7099384 1.9122418 1.6935975 1.7028040 1.6995208 1.7343094 1.8613294 1.7878317 1.7571721 1.7967386 1.6271546 1.6388394 1.7101711 1.6139931 1.4777528 1.4747483 1.4151068 1.4422044 1.4804436 1.5003750 1.6055531 1.4709106 1.6679388 1.4254273 1.5158754 1.4494219 1.4681392 1.4211327 1.3079784 1.7041412 1.6844784 1.4496601 1.5996767 1.8882982 1.7198976 1.5963737 1.2792149 1.2601056 1.3106499 1.2936600 1.7949543 3.1345746 3.1793302 3.0319148 3.2496720 3.1309466 3.1528312 3.0319148 3.0319148 3.3490094 3.0548383 3.0548383 3.2501504 3.1599099 3.0319148 3.2123652 3.0928168 2.8774642 3.0234513 2.6391660 3.9100160 4.1289005 4.0876276 4.0075279 4.1383434 3.8031796 3.6593535 3.7486005 3.9826759 4.0494118 4.1158456 4.2708840 4.0285533 4.4656842 3.2936968 4.7840069 4.3213066 2.7758387 2.8043933 3.1022538 2.3271476 3.0791543 2.9942127 2.7804754 2.9814100 3.5245710 3.7660057 3.4968900 2.9389251 3.1573983 3.0451865 3.3801898 3.1870499 3.4213491 3.0575391 3.2769533 3.0342777 3.6837233 3.4017515 2.7430090 
AKR1B8|NP_032038.1|Mus                                              0.9649722 0.9759929 0.9626981 0.9467346 0.4142657 0.3991578 0.4480049 0.4417116 0.4535311 0.4549036 0.2159026 0.0000000 0.0851381 0.2166758 0.4606834 0.0578990 0.2038633 0.2482959 0.1934573 0.1829749 1.0645785 1.0425729 1.1293200 1.0650537 1.0372882 1.1659639 1.0950877 1.2288795 1.2444706 1.1971111 1.1759958 1.0796579 1.1384308 1.1264795 1.2505328 1.0957215 1.1332549 1.1904052 1.2346312 1.1222227 1.0983036 1.2293489 1.1325143 1.0510781 1.1534640 1.0747226 1.0823590 1.0725054 1.0971015 1.0467402 1.1065117 1.0980627 1.0983039 1.1233249 1.1859722 1.1019044 1.0058932 0.9879050 1.0520087 4.7522459 0.6645574 0.6901149 1.5156593 0.7346728 1.3397342 1.4753398 1.3344016 1.3497184 1.7092462 1.4559967 1.5061732 1.5331740 1.6836539 1.5427386 1.5388848 1.6121661 1.5607141 1.5697525 1.5306864 1.6408731 1.6575495 1.4095999 1.4870086 1.2521293 1.3435443 1.5825882 1.4964372 1.4215622 1.3785825 1.4012453 1.4222095 1.6132169 1.6144671 1.6349380 1.5898605 2.0577995 1.8258346 1.4408190 1.7505679 1.6246988 1.9450090 1.3891520 1.6136080 1.6422492 1.7276141 1.7023201 2.0319691 1.7799176 1.7896810 1.7040598 1.8051167 1.9266578 1.8396159 1.7980824 1.8700727 1.5108331 1.5088901 1.5764584 1.5546451 1.4292439 1.4261187 1.3954032 1.4726526 1.4413970 1.4844918 1.5514090 1.4753302 1.5434754 1.4198841 1.4801875 1.4090597 1.4110218 1.3703881 1.2770066 1.6180530 1.6486411 1.4115921 1.5940472 1.8863551 1.7683333 1.6132050 1.2676478 1.2923374 1.3221081 1.3267697 1.6878394 2.9999157 3.0425494 2.9753126 3.1085599 2.9963945 3.0173211 2.9753126 2.9753126 3.3615142 2.9977163 2.9977163 3.2321885 3.2149571 2.9753126 3.2680048 2.9927873 2.7917143 2.9998534 2.5664096 4.0878204 4.3138522 4.2128349 4.0550499 4.1582949 3.9894498 3.8005311 3.4235615 3.6511475 3.7058348 3.8945717 3.9474330 3.8643577 4.1663227 3.0328032 4.5769748 4.2429719 2.8478029 2.8340873 3.1707621 2.5126031 3.1561995 2.9687753 2.7799894 3.0278260 3.5226988 3.8683388 3.5047372 3.0155350 3.1803339 2.8306702 3.4262172 3.2421131 3.5204161 3.2323441 3.1363628 2.9195370 4.0565599 3.2666267 2.5333878 
AKR1B9|AAC53199.1|Cricetulus                                        1.0151148 1.0094189 1.0005064 0.9864430 0.3951047 0.3873371 0.4282715 0.4096476 0.4386032 0.4432869 0.2567008 0.0851381 0.0000000 0.2023308 0.4643870 0.0961998 0.2398844 0.2300544 0.2365292 0.1743377 1.0233955 1.0020442 1.0715167 1.0113648 1.0193410 1.1194841 1.0425051 1.1669286 1.1806281 1.1714127 1.1590934 1.0417785 1.0868389 1.0715193 1.1797401 1.0390293 1.0945449 1.1431201 1.1814207 1.1366747 1.0279209 1.1653874 1.0774477 1.0306544 1.1111384 1.0401231 1.0359592 1.0343429 1.0581808 0.9783558 1.0338768 1.0296335 1.0467177 1.0756799 1.1470335 1.0778956 0.9463003 0.9501547 1.0021891 4.6930627 0.6918662 0.7184736 1.5018144 0.7412006 1.3110204 1.5547542 1.3989219 1.3888751 1.7366576 1.4867083 1.5801419 1.5353140 1.6801448 1.5542648 1.5325002 1.6442089 1.6201577 1.6094797 1.6616733 1.6995366 1.7048789 1.4552586 1.5330629 1.2155529 1.4188284 1.6152167 1.5517237 1.5199375 1.4180520 1.4118246 1.3659395 1.5554145 1.5565390 1.5749051 1.6013511 2.0802867 1.8935068 1.4244396 1.7321297 1.6188870 2.0281550 1.4411250 1.6259359 1.6742084 1.7827078 1.7566663 2.0923660 1.8024013 1.8004411 1.7510334 1.8348867 1.8972125 1.8617349 1.8085741 1.8823752 1.5977527 1.5960719 1.6645491 1.6601584 1.4702376 1.4598881 1.4364607 1.5043086 1.4269087 1.5125247 1.5342894 1.5452969 1.6137440 1.4504105 1.5398672 1.4515966 1.4409808 1.3567890 1.2828543 1.6845645 1.6689967 1.4622281 1.6070331 1.9572425 1.8253756 1.6437833 1.3152490 1.3201771 1.3463853 1.3866007 1.6882998 3.1202669 3.1524108 2.9886450 3.2212634 3.1166888 3.1263868 2.9886450 2.9886450 3.2670162 3.0044586 3.0044586 3.2401243 3.2088870 2.9886450 3.2613898 2.9498781 2.9958461 3.2494896 2.7324021 4.2046272 4.4603563 4.3075271 4.2021774 4.3977259 4.0554823 3.8804492 3.6710663 3.8571312 3.8952332 4.2711520 4.3645849 4.2912909 4.6352837 3.0660066 4.7391687 4.2991594 3.0221260 2.8483667 3.1789483 2.5719804 3.2878273 3.1146467 2.8735276 3.0399069 3.6754035 3.9706554 3.6607248 3.1047853 3.1743616 2.9309096 3.5162334 3.3582134 3.5563579 3.3583195 3.2778818 3.1096949 4.0301459 3.4986505 2.6889381 
AKR1B10|NP_064695.3|Homo                                            0.9900958 0.9656724 0.9675755 0.9742408 0.4007946 0.3819290 0.4142393 0.4022221 0.3949809 0.4021836 0.2469932 0.2166758 0.2023308 0.0000000 0.4455191 0.2207758 0.2821545 0.0903122 0.2174044 0.1648073 1.0469367 1.0197533 1.0600983 1.0390698 0.9806808 1.0503896 1.0465215 1.1458769 1.1642646 1.1727078 1.1557129 1.0261645 1.1386343 1.1208568 1.1746066 0.9891240 1.0751898 1.1467933 1.1562268 1.0595727 0.9802285 1.1993791 1.1269020 1.0535445 1.1104034 1.0680847 1.0201107 1.0700540 1.0878996 0.9491162 1.0506131 1.0158319 1.0144439 1.0677054 1.1583825 1.1101830 0.9293554 0.8976595 0.9574132 4.5896054 0.7081563 0.7292061 1.6139976 0.6981411 1.3537783 1.6035078 1.3672024 1.3823931 1.6594472 1.4260616 1.4907945 1.5192303 1.6202869 1.5475763 1.5164370 1.5628809 1.5783096 1.5689925 1.5610353 1.6624022 1.6140811 1.5006276 1.4564815 1.2418561 1.3279402 1.6000170 1.5263362 1.4586371 1.4391383 1.4267430 1.4127680 1.4835687 1.4796581 1.5251641 1.5262936 2.1071047 1.9523711 1.4522821 1.6861665 1.6617728 2.1056880 1.4114995 1.6995650 1.7589601 1.8800890 1.8515335 2.0874062 1.8342028 1.8506405 1.8005829 1.8998437 1.9669724 1.9610910 1.9018956 1.9721399 1.5927872 1.5724581 1.6692226 1.6545854 1.4440051 1.4393794 1.4547255 1.4365735 1.4516793 1.5331788 1.5831990 1.5457750 1.6309915 1.4725894 1.5342305 1.4504117 1.4819972 1.3737286 1.2425567 1.6375132 1.7925457 1.5210870 1.5967299 2.0146003 1.7497724 1.6753265 1.2711135 1.2969029 1.2868596 1.3155216 1.7927776 3.0817208 3.1135093 3.0129870 3.1814629 3.0981261 3.0877236 3.0129870 3.0129870 3.4274026 3.0356472 3.0356472 3.3545001 3.3553868 3.0129870 3.4115094 3.1752277 3.0049925 3.0984642 2.8074090 3.8685088 4.1756735 4.1307715 4.0402777 4.1941085 4.0198923 3.8418589 3.6323123 3.8374913 3.8105576 4.3372792 4.4235391 4.3032410 4.6882502 3.2316749 4.9400688 4.4948542 2.8272977 2.8807321 3.3151949 2.5331656 3.1120311 3.1607460 2.8425659 3.0096544 3.6280802 3.8916007 3.6741126 3.2415002 3.1717429 2.8498607 3.4839937 3.1937941 3.4204437 3.1128992 3.1636265 3.0790790 3.8471864 3.4994936 2.7186052 
AKR1B12|CAC40811.1|Gallus                                           1.0718217 1.0802864 1.1015538 1.0744628 0.4733540 0.4620705 0.4692614 0.4527764 0.5059294 0.5215123 0.4703620 0.4606834 0.4643870 0.4455191 0.0000000 0.4681925 0.5091393 0.5009433 0.4938907 0.5144984 0.9728923 0.9612618 0.9841118 0.9489687 0.9357172 0.9736035 1.0219641 1.0550173 1.1686839 1.1257536 1.1007463 0.9829960 1.0429181 1.0390935 1.1205350 0.9583343 1.0166766 1.0496235 1.0772792 0.9867426 0.9658700 1.0518411 1.0332196 0.9853523 1.0548384 0.9917224 0.9635264 0.9995015 1.0299006 0.8856094 1.0336512 0.9938914 0.9658134 1.0002985 1.0851403 1.0778399 0.9912168 0.9593980 1.0623596 4.5059502 0.6637336 0.6127883 1.4824812 0.7831705 1.2142956 1.4570334 1.2512934 1.3117746 1.5594903 1.3871933 1.4474201 1.3568090 1.5141298 1.5388523 1.3540936 1.4921408 1.5003178 1.4549008 1.6405265 1.6787789 1.6021685 1.3475329 1.2767724 1.0734118 1.2357325 1.4904502 1.3240779 1.3208039 1.4332305 1.4570654 1.4663591 1.4982887 1.4944167 1.5560295 1.5095111 1.9722062 1.7617915 1.4629811 1.6721650 1.8377911 2.0582315 1.5364733 1.6469326 1.6429731 1.7228389 1.6980672 1.8284299 1.8394891 1.8534038 1.7063877 1.7990171 1.9500070 1.9127271 1.8736616 1.7941521 1.5283973 1.5626754 1.5850216 1.5609482 1.4764153 1.4647217 1.4039612 1.4506970 1.4233120 1.4256288 1.4693458 1.4547759 1.6185119 1.4574498 1.3975596 1.3873304 1.3825778 1.3897683 1.1587429 1.6637217 1.6818021 1.5008773 1.5439389 1.8679271 1.7869346 1.4239103 1.3265949 1.3305565 1.2892815 1.3399615 1.6701792 2.8447702 2.8443130 2.8399181 2.9061860 2.8108313 2.7929934 2.8399181 2.8399181 3.2197629 2.8339505 2.8339505 3.0807900 3.1469660 2.8399181 3.2026366 3.1095159 2.7722361 2.8906360 2.5928338 3.8202687 3.8279988 3.8573241 3.7950308 4.0567564 3.7352926 3.5174685 3.5485067 3.6513897 3.9062754 3.9907438 4.0668460 4.0370119 4.4521842 3.2313496 4.9648386 4.3632471 2.8634248 2.8177732 2.9670724 2.4323446 3.3950726 2.8014268 2.7883804 3.0421736 3.4569329 3.5841103 3.6160236 2.9640860 2.7306575 3.1230390 3.3074413 3.1413272 3.0435166 2.6454889 2.8352812 2.8968427 3.8140767 3.1956926 2.7458206 
AKR1B13|CAC80649.1|Rattus                                           0.9838307 0.9932738 0.9697820 0.9537138 0.3907558 0.3775475 0.4346160 0.4273533 0.4388642 0.4463230 0.2181873 0.0578990 0.0961998 0.2207758 0.4681925 0.0000000 0.2092599 0.2380057 0.1962862 0.1997082 1.0827691 1.0604791 1.1426873 1.0774070 1.0655277 1.1758635 1.1166330 1.1875875 1.2612059 1.2286467 1.2072654 1.1006678 1.1480827 1.1191511 1.2839817 1.1212215 1.1257948 1.2035847 1.2015096 1.1156717 1.1050180 1.2374482 1.1251994 1.0806354 1.1582740 1.0872050 1.1001302 1.0947903 1.1199714 1.0565605 1.1116419 1.1074075 1.1170613 1.1470212 1.1742339 1.1160699 0.9960255 0.9897757 1.0390666 4.6576674 0.6799488 0.6908636 1.5426355 0.7509647 1.3399791 1.4725328 1.3834665 1.3839500 1.6617942 1.4594954 1.5197077 1.5027064 1.6571390 1.5147274 1.5049530 1.6233324 1.5858647 1.5700115 1.5753681 1.6786563 1.6615374 1.4524167 1.4774299 1.2034695 1.3688060 1.6008675 1.4945241 1.4061504 1.3771031 1.3808791 1.4349378 1.5926246 1.5938327 1.5820482 1.5611019 2.0184299 1.8367580 1.4751506 1.7637952 1.6233011 1.9817425 1.4187295 1.5796109 1.6316926 1.7166766 1.6930787 2.0753837 1.8081543 1.7855653 1.7434585 1.8236571 1.9598180 1.8784459 1.8355804 1.9039472 1.5486258 1.5467900 1.6130199 1.5762885 1.5018033 1.4913349 1.4402782 1.4788681 1.4651524 1.5443803 1.6061977 1.5315785 1.5948417 1.4577203 1.5302784 1.4474498 1.4493665 1.4071794 1.2885434 1.5963080 1.6853208 1.4569618 1.6437859 1.9183799 1.6955216 1.6169392 1.2783366 1.2956210 1.3320165 1.3218743 1.6897832 2.9754652 3.0061995 2.9419095 3.0715409 2.9719472 2.9811305 2.9419095 2.9419095 3.3103927 2.9642351 2.9642351 3.1855438 3.1548883 2.9419095 3.2068787 3.0057961 2.8504821 3.1016155 2.6224807 4.1690258 4.4040574 4.2969566 4.1400798 4.2459551 4.1946472 3.9567749 3.4896345 3.6690066 3.8001423 3.9811205 4.0236669 3.9573736 4.2788303 3.1400862 4.6927102 4.3258887 2.9153017 2.8796766 3.0789483 2.5900013 3.1452831 3.1295073 2.8296763 3.0288503 3.6715712 3.8851334 3.5549772 3.0559398 3.1673377 2.8804962 3.5148523 3.3619670 3.6768953 3.3374888 3.1461750 2.9325700 4.0972407 3.3389265 2.6633745 
AKR1B14|NP_446233.2|Rattus                                          1.0168797 1.0113792 0.9798000 0.9636524 0.4433546 0.4326501 0.4804697 0.4755684 0.4731452 0.4955722 0.1485386 0.2038633 0.2398844 0.2821545 0.5091393 0.2092599 0.0000000 0.3089216 0.1352813 0.2504850 1.0823736 1.0520053 1.1316227 1.0781152 1.0635832 1.0958696 1.0655719 1.2213739 1.1671491 1.2482482 1.2302797 1.0929338 1.1374313 1.1306796 1.1997400 1.0804743 1.1204868 1.1407267 1.2188299 1.1352840 1.1004387 1.1799896 1.1367015 1.1029542 1.1377801 1.1080926 1.0882495 1.0931976 1.1091821 1.0250257 1.0657160 1.0446567 1.1032394 1.1205127 1.1617474 1.1256079 1.0097037 0.9910275 1.0664790 4.8734259 0.6805233 0.6859866 1.5960125 0.7764538 1.4995768 1.6115185 1.4923116 1.5034773 1.7164256 1.4798365 1.5183549 1.5539144 1.7688676 1.5339293 1.5510770 1.6170453 1.5944619 1.6251552 1.6113219 1.6068129 1.6330439 1.5103890 1.4954066 1.3090397 1.4547684 1.6301605 1.6211841 1.4625907 1.4034428 1.4851305 1.4605498 1.6191904 1.6334283 1.7004827 1.7187337 2.0980172 1.9373454 1.4726654 1.7748091 1.6330566 2.0361602 1.5008452 1.6747487 1.6883087 1.7821937 1.7531346 1.9901826 1.7454055 1.7550505 1.7525860 1.7653581 1.9092246 1.8460376 1.8040130 1.7974692 1.7130530 1.7164796 1.7882976 1.7038369 1.4854293 1.5128396 1.4567684 1.5280984 1.5075805 1.5585924 1.6806261 1.5274031 1.7227480 1.4817892 1.5369434 1.4761438 1.4973640 1.4645302 1.3690989 1.8085924 1.7718883 1.5169092 1.6579721 1.8821545 1.7578456 1.6730381 1.2914492 1.2702327 1.3621234 1.3517790 1.8266402 2.9288876 2.9700512 2.9470009 3.0332444 2.9254537 2.9456995 2.9470009 2.9470009 3.2249699 2.9665626 2.9665626 3.0912313 3.0682570 2.9470009 3.1179191 3.0238312 2.8411243 2.9912760 2.5023131 3.9073373 4.1612675 4.0808421 3.9948656 4.1211631 3.8955139 3.8883716 3.8425068 3.8768579 3.9014337 3.9121924 4.1235335 3.9106953 4.2764777 3.2209110 4.9140086 4.5364439 2.7281501 2.9613492 3.1501028 2.3591644 3.2465480 2.9246363 2.8357763 3.1025961 3.4255532 3.7182225 3.3630700 3.0317985 3.1393324 3.0330446 3.5777787 3.2133105 3.3581179 3.1100062 3.1793467 2.8924413 3.7932060 3.4622827 2.6861443 
AKR1B15|EAL24068.1|Homo                                             1.0973197 1.0976870 1.1028847 1.0913622 0.4672977 0.4384447 0.4723413 0.4594660 0.4643709 0.4791659 0.2978381 0.2482959 0.2300544 0.0903122 0.5009433 0.2380057 0.3089216 0.0000000 0.2543117 0.2263095 1.1033456 1.0893682 1.1293315 1.1183859 1.0746331 1.0763662 1.1038547 1.1751942 1.1891260 1.2125155 1.1952178 1.1620811 1.2149069 1.2017179 1.2699094 1.0671507 1.1620751 1.2063410 1.1749323 1.1858180 1.0531880 1.2414800 1.2079439 1.0994917 1.1917174 1.1488616 1.1156010 1.1417733 1.1593956 1.0390322 1.1313030 1.0805240 1.1075927 1.1321589 1.2251491 1.1715920 1.0198849 0.9847733 1.0568752 5.0349137 0.7864365 0.7713416 1.6821752 0.8029679 1.4876240 1.7487283 1.5470756 1.5425587 1.7748826 1.5435304 1.6001113 1.6154084 1.7255524 1.6267510 1.6102927 1.6794847 1.6810467 1.6703587 1.6447319 1.8033466 1.7476768 1.6153010 1.5208723 1.3032648 1.3900434 1.6815977 1.6186281 1.5437074 1.5598573 1.4710340 1.5592593 1.6389935 1.6353195 1.6808484 1.6080826 2.2435348 2.0436798 1.5830749 1.7458285 1.6661997 2.1551452 1.5818353 1.7749907 1.8333844 1.9487053 1.9190678 2.2034793 1.9610590 1.9793912 1.8624397 1.9642025 2.1031618 2.0375734 1.9763535 2.0105104 1.5972393 1.6286582 1.6711391 1.6326116 1.5659086 1.5615378 1.5693742 1.5238753 1.5723136 1.6543096 1.6626115 1.6395614 1.6511905 1.6039731 1.6408503 1.5697583 1.6038000 1.4969812 1.3516541 1.7819048 1.9255572 1.6007432 1.7529260 2.0683463 1.8311828 1.7919927 1.3247437 1.3368319 1.3005881 1.3590843 1.9437390 3.2507130 3.2844398 3.1867088 3.3572030 3.2684756 3.2573020 3.1867088 3.1867088 3.6061362 3.2102204 3.2102204 3.5247379 3.5540324 3.1867088 3.6144204 3.3529705 3.2048227 3.3278056 2.9324675 4.1763511 4.4540271 4.5207210 4.3045267 4.4691150 4.4690686 4.3035560 3.8649486 4.0513982 4.0407949 4.5616055 4.6197380 4.5414995 4.6213659 3.2973637 5.2250309 4.7641484 3.0706545 3.1851375 3.4780455 2.5889292 3.4285643 3.2589792 3.1215447 3.1970414 3.8211950 4.2624861 3.9690963 3.4444309 3.2650657 3.0488478 3.8694896 3.3974411 3.6976384 3.2909063 3.3055180 3.1657296 4.0971216 3.7171042 3.0014101 
