205
AKR1A1|NP_006057.1|Homo                                             0.0000000 0.0626027 0.0640284 0.0725858 0.9406128 0.9476418 0.9438391 0.9440982 0.9908918 0.9224937 0.9978397 0.9662753 1.0165714 0.9914285 1.0732793 0.9852314 1.0183217 1.0987265 1.0637324 0.9662730 1.2162910 1.2165853 1.3180102 1.2050909 1.2801229 1.2707344 1.2846619 1.3951398 1.4239714 1.3484746 1.3617388 1.2723502 1.3327268 1.2721363 1.4021742 1.3330107 1.3400790 1.3758593 1.3467585 1.3428168 1.2360565 1.3435495 1.2656832 1.2912876 1.3826048 1.2239667 1.2526520 1.2469645 1.2849202 1.2501207 1.2544409 1.2403649 1.2319374 1.2719938 1.2814965 1.3240799 1.2076776 1.1565642 1.2373432 4.3904979 1.0753671 1.1871368 1.5135869 0.9196731 1.2275876 1.5873707 1.4161696 1.3692465 1.5235133 1.4978149 1.6065408 1.4106611 1.4940275 1.4362685 1.4125045 1.4528797 1.3954701 1.3938216 1.6317410 1.4699666 1.4984204 1.2976785 1.5291137 1.5241218 1.3124462 1.5919603 1.6330069 1.3507387 1.2566269 1.3508429 1.2878193 1.3582537 1.3836802 1.3551198 1.6654908 1.8087539 2.0551010 1.3970752 1.8985493 1.8279012 1.9454786 1.2318323 1.5546183 1.5603847 1.5657711 1.5632393 1.8598905 1.8833615 1.9339750 1.7760625 1.7657001 1.7793753 1.7572970 1.7135154 1.8158606 1.6206141 1.6041425 1.6630448 1.5609506 1.4056854 1.4023107 1.2321536 1.3873817 1.4037873 1.3320928 1.4663941 1.2834449 1.6080504 1.3140070 1.3749572 1.2386031 1.2249919 1.3217705 1.3155305 1.4807939 1.6350008 1.4705807 1.6237547 1.9884434 1.8175007 1.5001287 1.2357958 1.2278364 1.1496190 1.1973822 1.6253651 3.0765234 3.1074594 3.1266030 3.1775570 3.1076597 3.0932493 3.1266030 3.1266030 3.3567212 3.1162061 3.1162061 3.3903257 3.1904320 3.1266030 3.3135916 3.0559348 2.9239969 2.7417656 2.7562824 3.4130335 3.5093906 3.4485653 3.4574039 3.6370981 3.1933121 3.1793456 3.5569748 3.5749685 3.8283503 3.8498240 4.1677090 3.7677185 3.7127954 3.1000671 3.9811613 3.8576472 2.8288988 2.9188623 3.0157774 2.6317966 2.8320525 3.1650750 2.8418074 3.0286617 3.3940381 3.3056370 3.6104627 2.8976570 3.0730961 2.8688889 3.0970684 2.6857543 3.0391512 2.7976937 2.8844480 2.8053974 3.5828746 3.3481961 2.7138219 
AKR1A2|P50578.3|Sus                                                 0.0626027 0.0000000 0.0796474 0.0933648 0.9524601 0.9460010 0.9537031 0.9539942 0.9795968 0.9271259 0.9894613 0.9773027 1.0108702 0.9669158 1.0817939 0.9947144 1.0127824 1.0990726 1.0580622 0.9621394 1.2126617 1.2169815 1.3009063 1.2155513 1.2865896 1.2361953 1.2844804 1.3978290 1.4236368 1.3270453 1.3400775 1.2739477 1.3177271 1.2577710 1.3984575 1.3419263 1.3204606 1.3562903 1.3447016 1.3273907 1.2059717 1.3334378 1.2513493 1.2908618 1.3628808 1.2253531 1.2737201 1.2476264 1.2817276 1.2350246 1.2633754 1.2467466 1.2342203 1.2424430 1.3073550 1.3231809 1.1797316 1.1340135 1.2284725 4.3307823 1.0632613 1.1845659 1.5018822 0.9044901 1.2225802 1.5807204 1.3919544 1.3632003 1.4785774 1.4132631 1.5828916 1.3510384 1.4556972 1.3983473 1.3526884 1.3926995 1.3385202 1.3710397 1.5546539 1.4202920 1.4529570 1.3288819 1.4839459 1.4455125 1.3361537 1.6365803 1.6461704 1.4012622 1.2880042 1.3905271 1.3353942 1.3528696 1.3756592 1.3172224 1.6691003 1.8321297 1.9997365 1.3749047 1.8875431 1.8222030 1.8946824 1.2265463 1.5251036 1.5240600 1.5148326 1.5123768 1.8520531 1.8725598 1.9229357 1.7352582 1.7572165 1.7665634 1.7308561 1.6878057 1.7755790 1.5661725 1.5506077 1.6074815 1.5038813 1.4110525 1.4076966 1.2381358 1.3567590 1.3795583 1.3156003 1.4248707 1.2712414 1.5662346 1.3070716 1.3740169 1.2446399 1.2309339 1.2836752 1.2948143 1.4479416 1.5967197 1.4664585 1.6158049 1.9347795 1.7909806 1.5014498 1.2045009 1.1985328 1.1603874 1.2016927 1.6086032 3.0221608 3.0524885 3.1063901 3.1207415 3.0525400 3.0386524 3.1063901 3.1063901 3.4670486 3.0960353 3.0960353 3.2873321 3.2732392 3.1063901 3.3921419 2.9506900 2.9368181 2.7572326 2.7508422 3.3351838 3.4578243 3.4227900 3.4541868 3.5583518 3.2380932 3.1940020 3.5865052 3.4413995 3.7955276 3.7228070 4.1230110 3.6793015 3.7099753 3.0514455 3.9661136 3.8035789 2.7515296 2.8846887 2.8625381 2.4273035 2.7496314 3.1878434 2.8633261 2.9162652 3.3093399 3.3074299 3.4717135 2.9061184 2.9370647 2.7693077 3.0782654 2.6629096 2.9983735 2.7235448 2.9289070 2.7846059 3.4850537 3.3333073 2.6691423 
AKR1A3|P51635.2|Rattus                                              0.0640284 0.0796474 0.0000000 0.0287199 0.9422779 0.9286305 0.9681930 0.9627950 0.9815747 0.9193575 0.9831282 0.9640471 1.0019449 0.9688313 1.1031280 0.9711752 0.9811565 1.1042920 1.0503047 0.9624264 1.2252378 1.2213259 1.3248875 1.2028444 1.2754808 1.2785059 1.2736673 1.3920128 1.4500742 1.3862660 1.3996644 1.2646158 1.3292126 1.2711729 1.4460972 1.3137480 1.3361031 1.3670901 1.3359157 1.3189142 1.2484803 1.3470925 1.2647227 1.3121262 1.3740419 1.2184557 1.2713322 1.2454369 1.2744457 1.2394778 1.2441609 1.2465027 1.2307381 1.2976202 1.2816016 1.3178384 1.2240189 1.1487206 1.2495073 4.2347250 1.0467450 1.1530170 1.4641657 0.8885365 1.2198754 1.5608345 1.3980446 1.3610075 1.4739526 1.4332688 1.5730656 1.3684380 1.4865163 1.4104152 1.3701398 1.4338679 1.3468988 1.3769712 1.5923340 1.4144431 1.4323499 1.3263089 1.5359788 1.4848162 1.3777322 1.5983777 1.6368603 1.3924960 1.2742965 1.3583592 1.3077544 1.3116377 1.3330400 1.3326983 1.7180446 1.8452946 2.0081088 1.3588335 1.8658056 1.8187730 1.9313579 1.2346306 1.5141276 1.4962087 1.4833267 1.4809198 1.8251501 1.8891412 1.9396884 1.7237620 1.7482631 1.7564504 1.7431171 1.6999386 1.7514113 1.6008656 1.5849586 1.6463938 1.5419630 1.4328590 1.4296172 1.2337536 1.3855608 1.4277706 1.3481905 1.4687281 1.3084206 1.5998073 1.3065662 1.3919367 1.2402092 1.2260899 1.3509061 1.3209192 1.4499120 1.5943994 1.4737919 1.6040359 1.9541644 1.7556796 1.4995444 1.2228034 1.2188405 1.1389290 1.2134267 1.5821193 3.0276130 3.0583035 3.0766637 3.1274322 3.0583710 3.0442917 3.0766637 3.0766637 3.3499717 3.0636154 3.0636154 3.3513105 3.1560927 3.0766637 3.2785499 2.8557981 2.8675268 2.7292126 2.7285068 3.3088544 3.4646204 3.3890008 3.4628736 3.5294195 3.1472028 3.1321629 3.4780429 3.4475817 3.7277288 3.5900096 4.0021012 3.5422943 3.5344777 3.1267461 3.8504335 3.7144961 2.7261600 2.8208103 2.9185633 2.5074845 2.6723083 3.0115076 2.7606457 2.8636676 3.2727931 3.2117623 3.4508420 2.7885222 2.9830044 2.7000605 2.9381491 2.5487879 2.9183593 2.7771696 2.8623188 2.7695330 3.5103444 3.2205589 2.5812417 
AKR1A4|NP_067448.1|Mus                                              0.0725858 0.0933648 0.0287199 0.0000000 0.9692174 0.9350288 0.9691230 0.9673199 0.9938041 0.9340540 0.9832734 0.9480386 0.9878369 0.9754979 1.0759136 0.9550612 0.9649644 1.0927173 1.0331046 0.9462380 1.1838958 1.1800204 1.2849535 1.1658122 1.2639275 1.2519449 1.2604318 1.3745559 1.4137393 1.4039541 1.4119272 1.2317782 1.3311897 1.2754828 1.4253102 1.2961477 1.3149046 1.3456093 1.3159934 1.2982733 1.2343846 1.3202430 1.2689941 1.2699925 1.3740162 1.1808976 1.2741304 1.2480410 1.2772741 1.2280681 1.2525583 1.2548125 1.2246688 1.2546364 1.2796281 1.3149346 1.2122522 1.1563870 1.2384957 4.3068593 1.0539536 1.1633791 1.4424497 0.9175610 1.1989745 1.5727540 1.4075146 1.3808209 1.4960969 1.4512636 1.5802763 1.3530054 1.4823327 1.4097503 1.3546565 1.4358385 1.3488855 1.3789245 1.5590798 1.4133826 1.4384133 1.3205872 1.4830473 1.4771922 1.3409974 1.6317821 1.6080574 1.3680376 1.2631862 1.3428173 1.3112902 1.3318445 1.3543996 1.3381935 1.6691198 1.8136248 2.0603285 1.3284716 1.8613893 1.8182966 1.9377789 1.2151467 1.5082952 1.4802653 1.4745904 1.4652869 1.8118430 1.8937158 1.9443541 1.7110882 1.7368633 1.7167760 1.7296299 1.6870434 1.7322284 1.5956958 1.5798098 1.6399679 1.5198165 1.4313005 1.4280476 1.2231842 1.4010123 1.4346713 1.3628331 1.4757958 1.2879309 1.5925423 1.3104555 1.3774995 1.2295531 1.2149769 1.3281809 1.2973530 1.4216448 1.6200365 1.4908932 1.5995642 1.9459094 1.8041172 1.4993725 1.2169440 1.2190492 1.1367058 1.2322869 1.5639391 3.0001993 2.9834636 3.0740609 3.0500350 2.9833390 2.9699708 3.0740609 3.0740609 3.2786116 3.0610450 3.0610450 3.2461084 3.1165266 3.0740609 3.2366930 2.8830315 2.9061025 2.7497233 2.7475521 3.2921123 3.4547888 3.3815312 3.4551445 3.5214571 3.2572274 3.2853477 3.5481650 3.4812453 3.7399209 3.5471597 3.9475552 3.4969079 3.5433828 3.1256659 3.8131436 3.6953692 2.7712576 2.8732075 2.9402394 2.4908028 2.7207322 3.0920267 2.8006776 2.8936307 3.3262975 3.2973408 3.4515381 2.8152977 2.9806141 2.7904327 2.9408452 2.6260471 2.9335989 2.7462448 2.8949729 2.7832331 3.5175365 3.3203094 2.6364517 
AKR1B1|NP_001619.1|Homo                                             0.9406128 0.9524601 0.9422779 0.9692174 0.0000000 0.1224436 0.1657959 0.1648432 0.1564861 0.1521531 0.3955945 0.4147023 0.3955184 0.4012221 0.4739297 0.3911637 0.4438228 0.4678331 0.4262306 0.3763555 0.9965305 0.9851712 1.0228638 0.9821905 0.8985737 0.9642727 0.9558776 1.0669008 1.1139631 1.0679798 1.0489291 0.9810409 1.0891779 1.1033253 1.0900231 0.9446214 1.1232241 1.1734465 1.0294995 1.0235277 0.9331094 1.0739233 1.1093678 0.9851779 1.1116692 0.9927177 0.9172928 0.9411845 0.9700161 0.8786370 0.9410165 0.9208356 0.9376165 0.9797814 1.1597255 1.1540968 0.9213826 0.8445848 0.9855887 4.5481809 0.6349689 0.6608819 1.4076151 0.6678982 1.2925197 1.5311966 1.2923601 1.2357891 1.5132115 1.4380401 1.3739805 1.3629615 1.5011848 1.4424594 1.3616392 1.4192697 1.4419998 1.4301001 1.4781952 1.5231112 1.5465748 1.4033765 1.3955617 1.0995991 1.3011943 1.4736338 1.4314883 1.3763907 1.3291890 1.2905095 1.3089047 1.3637838 1.3844560 1.3552188 1.6612038 1.8850364 1.9494617 1.3883083 1.6612481 1.7447271 1.8740479 1.2367886 1.6613608 1.6469521 1.6718212 1.6809773 1.8028676 1.6148366 1.6302887 1.7021131 1.7716263 1.8014122 1.7917165 1.7389744 1.6585049 1.5037309 1.4868154 1.5710205 1.4907214 1.3900531 1.3964200 1.3314645 1.4118003 1.3416241 1.3070864 1.4581511 1.4385735 1.5214705 1.2880514 1.3144376 1.3098026 1.3186056 1.3251223 1.2007756 1.5854772 1.5358777 1.4966114 1.4781628 1.8533737 1.6548064 1.4681553 1.1945153 1.2841695 1.2302922 1.3024054 1.5343168 3.2999129 3.3164617 3.2206622 3.3917359 3.3184583 3.2884267 3.2206622 3.2206622 3.6977645 3.2389760 3.2389760 3.5284264 3.5488184 3.2206622 3.6098852 3.2664170 3.2140136 3.3632474 2.8818238 3.9372133 4.0255723 4.1142836 3.8408103 4.1025068 3.7954898 3.7577811 3.7332491 3.9233648 3.8676517 3.9581701 3.8111903 4.1443889 4.4405256 3.2576081 4.8592513 4.3386158 2.9827401 2.8737994 2.9515079 2.4501718 3.2048127 3.1100981 2.8533274 3.0398520 3.7807846 4.0181572 3.9543358 2.9862635 3.0684530 3.0892409 3.4034799 3.0920041 3.0907265 3.0450105 3.1323793 3.1240768 3.9088837 3.3773927 2.9265824 
AKR1B2|P15122.3|Oryctolagus|cuniculus|Animalia|Mammalia|Lagomorpha  0.9476418 0.9460010 0.9286305 0.9350288 0.1224436 0.0000000 0.1316172 0.1351232 0.1519053 0.1566077 0.4014873 0.3995578 0.3877257 0.3823135 0.4626014 0.3779194 0.4330934 0.4389156 0.4012773 0.3811077 1.0013854 0.9898486 1.0468113 1.0176074 0.9383238 0.9926866 0.9817384 1.0744161 1.1300127 1.0967844 1.0621559 0.9985792 1.0576941 1.0712813 1.1175428 0.9717510 1.0647110 1.1107824 1.0528494 1.0485906 0.9892485 1.0988711 1.0772905 0.9643892 1.0634011 1.0263872 0.9691046 1.0010979 1.0291389 0.9048947 0.9703136 0.9627007 0.9844246 1.0102901 1.1074044 1.0702977 0.9945059 0.8771580 1.0121820 4.5814217 0.5839699 0.6325049 1.3972781 0.6597504 1.2246854 1.4932317 1.2498041 1.2120355 1.6087838 1.4825837 1.4097068 1.3727340 1.5780171 1.4895745 1.3714003 1.4645569 1.4620705 1.4407530 1.4549500 1.4860799 1.6031235 1.3780370 1.3990555 1.0328314 1.2729692 1.4753466 1.4094690 1.3065843 1.3895935 1.3766258 1.3849522 1.3879924 1.3839568 1.3632041 1.6523088 1.9357940 1.9481914 1.4087016 1.6430605 1.7960887 1.9406842 1.2818394 1.6780507 1.6246199 1.6654431 1.6590212 1.8437620 1.7383416 1.7443225 1.7611295 1.7848369 1.8382628 1.8139613 1.7786900 1.7106839 1.3907423 1.3743912 1.4920271 1.4140257 1.3665895 1.3759747 1.3102979 1.3529028 1.3047001 1.2989561 1.4127366 1.4374153 1.4037755 1.3003545 1.3584040 1.3264475 1.3206430 1.3641327 1.1833693 1.6181810 1.5716907 1.4235146 1.4002901 1.8998321 1.6849892 1.4848437 1.1929805 1.2810924 1.2218156 1.2755915 1.5663114 3.2396233 3.2735427 3.1929884 3.3465492 3.2573984 3.2462288 3.1929884 3.1929884 3.6230509 3.2168846 3.2168846 3.4319598 3.4640783 3.1929884 3.5414942 3.1579300 3.2295984 3.3299492 2.8782913 4.0360408 4.0773212 4.1967675 3.9821278 4.1868026 3.6195021 3.7208427 3.7013547 3.8608910 3.8725076 4.0150557 3.9415784 4.1019448 4.3602844 3.0576050 5.0727543 4.5370307 3.0182359 2.9008233 3.1262215 2.5824242 3.2626598 3.1339984 2.9376711 3.0588041 3.6647225 3.9793493 3.7846501 3.1503357 3.1212042 3.0622556 3.3253787 3.0185351 3.0900052 2.9937369 3.0927983 3.1262261 3.8251711 3.4727069 2.9192653 
AKR1B3|P45376.3|Mus                                                 0.9438391 0.9537031 0.9681930 0.9691230 0.1657959 0.1316172 0.0000000 0.0324673 0.1920442 0.1860220 0.4388768 0.4484639 0.4287125 0.4146631 0.4698011 0.4350737 0.4809769 0.4728540 0.4493245 0.4282604 1.0504775 1.0477425 1.0772876 1.0070424 0.9542935 0.9651817 1.0236897 1.1053854 1.1251361 1.0756292 1.0569082 1.0382554 1.0713800 1.0926087 1.1180106 0.9855784 1.0906770 1.1349506 1.0940467 1.0668381 0.9426663 1.1373631 1.0986889 0.9913467 1.0649036 1.0456091 0.9841529 1.0423951 1.0619789 0.9130641 0.9588032 0.9620412 1.0158553 0.9992343 1.1332153 1.1143139 1.0144636 0.9366768 1.0779367 4.5292701 0.6285065 0.6987285 1.4279890 0.6425093 1.3167660 1.5707202 1.3110954 1.2648834 1.5186161 1.4458312 1.3376037 1.3872937 1.5182970 1.4573791 1.3859694 1.4057433 1.4705474 1.4719816 1.4954361 1.6149895 1.6257845 1.3645134 1.3590196 1.0722204 1.2814114 1.4453079 1.4393990 1.3095306 1.3978251 1.4058509 1.3585792 1.3854339 1.3814097 1.3629405 1.5718044 1.8896042 1.9050004 1.3995587 1.6662573 1.7225017 1.9103033 1.2355586 1.6792968 1.6800133 1.7284464 1.6971809 1.9475795 1.7598933 1.7690191 1.7397980 1.8054691 1.8186270 1.8250381 1.7821367 1.7790846 1.3386890 1.3203993 1.4252613 1.3738404 1.3308990 1.3275934 1.2604093 1.3584447 1.2762564 1.2534267 1.4190810 1.3340499 1.3684579 1.2590013 1.3153061 1.2692667 1.2719267 1.2902677 1.1818323 1.6122162 1.5167883 1.4479636 1.3721628 1.9050424 1.6733781 1.4561032 1.1915581 1.2912232 1.2412629 1.2902944 1.5706964 3.0880355 3.1172436 3.0252945 3.1853989 3.1044845 3.0913329 3.0252945 3.0252945 3.3989197 3.0423255 3.0423255 3.2860032 3.2650721 3.0252945 3.3123661 3.1066215 3.0721885 3.1242409 2.7266183 4.0188411 4.0994595 4.1299878 3.9583364 4.2481208 3.7746944 3.6929909 3.7353295 3.9800435 3.9613556 4.1443544 4.0514673 4.3579595 4.6843067 3.1533244 5.0317609 4.5736229 3.0660181 2.9474761 3.1233020 2.5275177 3.2284212 3.0160018 2.9371721 3.0154789 3.5401878 4.0621408 3.8520457 3.2000413 3.1035504 2.9792723 3.4322866 3.0369559 3.1478548 2.9639524 3.0850373 3.0597621 4.0305529 3.4972531 2.8807837 
AKR1B4|NP_036630.1|Rattus                                           0.9440982 0.9539942 0.9627950 0.9673199 0.1648432 0.1351232 0.0324673 0.0000000 0.1901176 0.1858212 0.4384944 0.4421739 0.4100625 0.4026292 0.4532956 0.4278012 0.4760786 0.4599610 0.4445978 0.4260958 1.0681012 1.0654208 1.0932335 1.0245776 0.9727442 0.9784099 1.0418080 1.1126183 1.1431046 1.0786075 1.0598660 1.0543662 1.0783241 1.0995977 1.1366802 0.9832570 1.0954012 1.1397078 1.1049697 1.0696323 0.9567531 1.1512831 1.1056760 1.0070791 1.0734511 1.0633578 1.0044134 1.0643799 1.0842714 0.9163897 0.9678853 0.9710542 1.0314562 1.0182966 1.1460595 1.1252117 0.9993986 0.9217457 1.0623595 4.4346428 0.6277663 0.6953294 1.4057851 0.6442517 1.2806911 1.5385510 1.2923449 1.2461635 1.5308492 1.4515642 1.3409136 1.3876393 1.5245181 1.4513335 1.3849138 1.4186411 1.4812465 1.4826657 1.5365044 1.6033503 1.6116816 1.3810029 1.3554444 1.0611279 1.3010734 1.4250606 1.4521528 1.3301729 1.3726301 1.3611072 1.3080254 1.3506489 1.3465862 1.3652648 1.5456435 1.9051169 1.8997657 1.3802718 1.6156605 1.6906508 1.9594492 1.2517046 1.6436847 1.6332214 1.7175648 1.6864132 1.9307891 1.7380416 1.7440150 1.7173620 1.7748431 1.7867832 1.7883697 1.7414550 1.7604816 1.3419746 1.3236912 1.4285694 1.3863374 1.3165389 1.3132067 1.2694393 1.3473816 1.2604367 1.2445854 1.4026121 1.3260951 1.3717396 1.2724613 1.3223679 1.2783430 1.2809985 1.2943326 1.1851933 1.5907300 1.5257190 1.4080874 1.3900195 1.8823096 1.6607510 1.4628121 1.1673455 1.2718591 1.2325126 1.2651788 1.5782754 3.1505265 3.1834080 3.0891044 3.2538333 3.1675776 3.1568182 3.0891044 3.0891044 3.4488579 3.1064969 3.1064969 3.3329954 3.3126598 3.0891044 3.3608600 3.1637783 3.0672472 3.1514307 2.7294280 4.0321938 4.1534732 4.1841200 3.9404647 4.2625373 3.7237987 3.6701400 3.6522304 3.9298248 3.9106299 4.1345151 4.0414887 4.3477209 4.6875556 3.1976985 5.0325938 4.5352035 3.0349581 2.8892836 3.0583876 2.4440214 3.1110129 3.0551782 2.9110847 2.8704619 3.4242513 3.9180073 3.7078620 3.1293026 3.0469490 2.9495597 3.3676464 3.0523387 3.1068358 2.9388754 3.0934713 3.0679696 4.0080391 3.4153797 2.8378275 
AKR1B5|P16116.2|Bos                                                 0.9908918 0.9795968 0.9815747 0.9938041 0.1564861 0.1519053 0.1920442 0.1901176 0.0000000 0.1149809 0.4451456 0.4540045 0.4390698 0.3953775 0.5065380 0.4393262 0.4736386 0.4648717 0.4391594 0.4071956 1.0324644 1.0208561 1.0459622 1.0430110 0.9453462 0.9597454 1.0116362 1.0882704 1.1535259 1.1135727 1.0884681 1.0143740 1.0838251 1.1075543 1.1330724 0.9821730 1.1027878 1.1581131 1.0650674 1.0439301 0.9146810 1.1125602 1.1136242 1.0066474 1.1096754 1.0501707 0.9952417 1.0328616 1.0566940 0.9151276 0.9808245 0.9485680 0.9865850 1.0392822 1.1637470 1.1465509 0.9921125 0.8815224 1.0515289 4.6499333 0.6548692 0.6986323 1.5357307 0.6744221 1.3286053 1.5544638 1.2811895 1.2694438 1.6482585 1.5368158 1.4866023 1.4667494 1.6008302 1.5374513 1.4654106 1.5230454 1.5147860 1.4810374 1.5249861 1.5756277 1.6194718 1.4536930 1.4307063 1.1159430 1.3717611 1.5202023 1.4361972 1.3817585 1.4285615 1.3610028 1.3164702 1.4351516 1.4423134 1.4129289 1.7018419 1.8794587 1.9255955 1.3471268 1.7350162 1.7569014 1.9731052 1.3360016 1.6759911 1.6217291 1.6850506 1.6536773 1.8517978 1.6701430 1.6864199 1.7619726 1.8175118 1.8681699 1.8631420 1.8097092 1.8360701 1.4338782 1.4021756 1.5239758 1.4451395 1.4020089 1.4118369 1.2684614 1.3919760 1.3535843 1.3056084 1.4278803 1.4168509 1.4454333 1.2675991 1.3377745 1.2763195 1.2850261 1.3210592 1.2129031 1.7187407 1.5825911 1.4242723 1.4050615 1.9096323 1.7153405 1.5208265 1.2576719 1.3220622 1.3148369 1.3598842 1.6319096 3.4642212 3.4813938 3.4249753 3.5604750 3.4838965 3.4523868 3.4249753 3.4249753 3.8882403 3.4287651 3.4287651 3.6765844 3.7160962 3.4249753 3.8242970 3.3843112 3.4325751 3.5637001 2.9494634 4.1708353 4.1826917 4.2668659 4.0272646 4.2205797 3.8972252 3.8128518 3.9994214 4.1948631 4.0311784 4.3445664 4.1921368 4.3359364 4.5749755 3.3085375 4.9076923 4.3524316 2.9990156 3.0367623 3.0783498 2.5698806 3.3879152 3.1532378 3.1615661 3.0130130 3.8274248 4.1624007 4.1026272 3.1419679 3.2800405 3.1768622 3.5943241 3.2281350 3.2459024 3.1732883 3.3535367 3.3944098 3.9081786 3.5912023 2.8583301 
AKR1B6|P80276.2|Sus                                                 0.9224937 0.9271259 0.9193575 0.9340540 0.1521531 0.1566077 0.1860220 0.1858212 0.1149809 0.0000000 0.4433435 0.4553820 0.4437497 0.4026076 0.5221640 0.4467993 0.4961002 0.4797068 0.4636337 0.4323326 0.9979861 0.9865238 1.0293151 0.9889040 0.9275270 0.9663061 0.9918102 1.0592833 1.1753125 1.0468703 1.0249718 0.9963349 1.0432271 1.0857255 1.1442540 0.9501076 1.0791967 1.1427980 1.0381570 1.0576598 0.9537163 1.0813266 1.0917096 0.9730576 1.0710222 0.9939010 0.9648523 1.0015042 1.0291544 0.8920948 0.9616640 0.9244714 0.9713114 1.0159340 1.1068377 1.0783476 0.9724764 0.8922096 1.0411652 4.4866759 0.6420072 0.7096002 1.4888183 0.6992322 1.3126040 1.5248235 1.2878870 1.2117070 1.6636045 1.5425561 1.4710824 1.5214309 1.5925888 1.5421104 1.5200872 1.5730108 1.5875127 1.5465109 1.4673372 1.5445709 1.7012594 1.4464274 1.3835755 1.1833287 1.2740944 1.4961942 1.4524753 1.3142606 1.3312579 1.2897530 1.3018159 1.4329554 1.4546387 1.3856878 1.6996932 1.8714514 1.9483677 1.3383717 1.7268022 1.7382960 1.8342856 1.2923084 1.6035743 1.6192626 1.6395766 1.6195509 1.7761783 1.5931914 1.6081338 1.7244082 1.6972178 1.7271830 1.6705482 1.6265208 1.7022843 1.3616056 1.3151759 1.4371600 1.4422624 1.4014262 1.4107663 1.3054240 1.4033026 1.3318820 1.2928067 1.4239304 1.4251190 1.3701804 1.3190556 1.3772109 1.3068149 1.3270878 1.2993912 1.1891463 1.6059996 1.5906681 1.4398844 1.3407352 1.9648098 1.6586722 1.5251966 1.2013173 1.2379994 1.2257332 1.2582767 1.5572418 3.3107310 3.3270019 3.2587880 3.4010304 3.3289908 3.2994427 3.2587880 3.2587880 3.5860891 3.2768249 3.2768249 3.4383523 3.4279682 3.2587880 3.5076403 3.1947350 3.1809711 3.2453678 2.8010695 3.8641761 3.8767188 3.9777541 3.7740981 4.0055226 3.6193497 3.8806524 3.7247309 3.8238638 3.6889406 3.8647410 3.8083882 3.9433907 4.0905720 3.0019183 4.9303664 4.4736088 2.8975726 2.8835196 3.0110937 2.5720602 3.1156288 2.9907304 3.0005502 3.0504050 3.5644392 3.8918654 3.7180417 3.0380845 3.0875336 3.1169732 3.3965278 3.0842187 3.2339402 3.1135105 3.1265482 3.2035840 3.9152067 3.3665207 2.9228673 
AKR1B7|P21300.4|Mus                                                 0.9978397 0.9894613 0.9831282 0.9832734 0.3955945 0.4014873 0.4388768 0.4384944 0.4451456 0.4433435 0.0000000 0.2160588 0.2569003 0.2471812 0.4708792 0.2183499 0.1486137 0.2981037 0.1659390 0.2583678 1.1077617 1.0847829 1.1196275 1.0675600 1.0588647 1.1229219 1.0716154 1.1945952 1.2111087 1.1846705 1.1671665 1.1153831 1.1665453 1.1639168 1.2633272 1.0915632 1.1218381 1.1636927 1.2017491 1.1475674 1.0984237 1.2598097 1.1700601 1.1140124 1.1650269 1.1044240 1.1178394 1.1293714 1.1477564 1.0277687 1.0852129 1.1077339 1.1123174 1.1565245 1.1885615 1.1138661 0.9793375 1.0038718 1.0185784 4.7869029 0.6408039 0.6859291 1.5761013 0.7547999 1.4433555 1.6054732 1.4006693 1.3833850 1.6664545 1.4579652 1.4526662 1.4531883 1.6889944 1.5589634 1.4521435 1.5254943 1.5160449 1.5241383 1.6056207 1.5996819 1.5181239 1.4412858 1.4668345 1.1740401 1.3253185 1.5720817 1.5120846 1.4365926 1.3641244 1.4639657 1.3999657 1.5592533 1.5726119 1.6183115 1.5858575 2.0703600 1.9038285 1.4221527 1.6110799 1.6446986 1.9903272 1.4324634 1.6161276 1.6299368 1.7256464 1.7119237 1.9145523 1.6959266 1.7052038 1.7017443 1.7366079 1.8639208 1.7900948 1.7594119 1.7989554 1.6295936 1.6412764 1.7127532 1.6160770 1.4793738 1.4763459 1.4166267 1.4439018 1.4821552 1.5023225 1.6076249 1.4723916 1.6704484 1.4268472 1.5175939 1.4509771 1.4697000 1.4228590 1.3097086 1.7064965 1.6870256 1.4519440 1.6019624 1.8909635 1.7223046 1.5987430 1.2808114 1.2618074 1.3125208 1.2953646 1.7976789 3.1398485 3.1847988 3.0370654 3.2552981 3.1362638 3.1581891 3.0370654 3.0370654 3.3547756 3.0600773 3.0600773 3.2555577 3.1653759 3.0370654 3.2178379 3.0980621 2.8822280 3.0283588 2.6431898 3.9152797 4.1343220 4.0930565 4.0123368 4.1434248 3.8082980 3.6639647 3.7535064 3.9876270 4.0557076 4.1217078 4.2770034 4.0341779 4.4724546 3.2990321 4.7893342 4.3273515 2.7792388 2.8080663 3.1063833 2.3304452 3.0833903 2.9986479 2.7841193 2.9856153 3.5301181 3.7724744 3.5026064 2.9432886 3.1621776 3.0495892 3.3853422 3.1914867 3.4263271 3.0622733 3.2818376 3.0398407 3.6900022 3.4067952 2.7475343 
AKR1B8|NP_032038.1|Mus                                              0.9662753 0.9773027 0.9640471 0.9480386 0.4147023 0.3995578 0.4484639 0.4421739 0.4540045 0.4553820 0.2160588 0.0000000 0.0851643 0.2168218 0.4611925 0.0579162 0.2040139 0.2484923 0.1935946 0.1830953 1.0660669 1.0440215 1.1309246 1.0665758 1.0386675 1.1676733 1.0967747 1.2309498 1.2462086 1.1988057 1.1775851 1.0811007 1.1400617 1.1279970 1.2524619 1.0973078 1.1347530 1.1920266 1.2365894 1.1238574 1.0998109 1.2312557 1.1340605 1.0525859 1.1551476 1.0762910 1.0839176 1.0740022 1.0986239 1.0481442 1.1080416 1.0995770 1.0998312 1.1249165 1.1877078 1.1034968 1.0073105 0.9893356 1.0534947 4.7597229 0.6654191 0.6909394 1.5178231 0.7356842 1.3417510 1.4776806 1.3364724 1.3517353 1.7115545 1.4581145 1.5081883 1.5352926 1.6859244 1.5448541 1.5409962 1.6145461 1.5629777 1.5719978 1.5328660 1.6432650 1.6599919 1.4116503 1.4892740 1.2540084 1.3455575 1.5847975 1.4988573 1.4238780 1.3804099 1.4028991 1.4241599 1.6156572 1.6168884 1.6375503 1.5922597 2.0609303 1.8287557 1.4427600 1.7530344 1.6268353 1.9481020 1.3910575 1.6156131 1.6440891 1.7297287 1.7044008 2.0347412 1.7825724 1.7924101 1.7064905 1.8076761 1.9294396 1.8421189 1.8005495 1.8724496 1.5131114 1.5111368 1.5788718 1.5566914 1.4308451 1.4276975 1.3969874 1.4744949 1.4432880 1.4864441 1.5535046 1.4770004 1.5458282 1.4214108 1.4818585 1.4107064 1.4126585 1.3721309 1.2786993 1.6204657 1.6512326 1.4138044 1.5964575 1.8891872 1.7708192 1.6157622 1.2692351 1.2941433 1.3240209 1.3286037 1.6904142 3.0050972 3.0479196 2.9804010 3.1140795 3.0016197 3.0225832 2.9804010 2.9804010 3.3674069 3.0028887 3.0028887 3.2377019 3.2206322 2.9804010 3.2736705 2.9980162 2.7963865 3.0049281 2.5704664 4.0932750 4.3197157 4.2186158 4.0603039 4.1639574 3.9950148 3.8052924 3.4285291 3.6567423 3.7117018 3.9006379 3.9538892 3.8700284 4.1725425 3.0378613 4.5827104 4.2487962 2.8520344 2.8378365 3.1748791 2.5163360 3.1609723 2.9731829 2.7839949 3.0325158 3.5282293 3.8745421 3.5104508 3.0203035 3.1852547 2.8348791 3.4319959 3.2468775 3.5254409 3.2374376 3.1411071 2.9248927 4.0632169 3.2721392 2.5374198 
AKR1B9|AAC53199.1|Cricetulus                                        1.0165714 1.0108702 1.0019449 0.9878369 0.3955184 0.3877257 0.4287125 0.4100625 0.4390698 0.4437497 0.2569003 0.0851643 0.0000000 0.2024599 0.4648954 0.0962352 0.2400772 0.2302422 0.2367170 0.1744416 1.0248543 1.0034662 1.0730418 1.0128398 1.0207152 1.1211359 1.0441015 1.1688455 1.1822515 1.1730600 1.1606446 1.0432240 1.0883793 1.0729671 1.1815482 1.0405328 1.0960653 1.1447307 1.1832743 1.1383808 1.0293404 1.1672024 1.0789240 1.0321325 1.1127903 1.0416560 1.0374756 1.0358307 1.0596914 0.9796233 1.0352610 1.0310336 1.0481420 1.0771975 1.1487356 1.0794339 0.9475905 0.9514834 1.0036373 4.7005798 0.6928009 0.7193809 1.5039165 0.7422539 1.3129485 1.5571481 1.4010268 1.3910096 1.7388694 1.4888097 1.5822349 1.5372527 1.6822831 1.5562546 1.5344427 1.6464885 1.6223787 1.6117159 1.6641645 1.7020471 1.7073475 1.4573643 1.5353166 1.2173077 1.4209402 1.6174242 1.5541502 1.5225237 1.4199376 1.4135403 1.3677189 1.5577330 1.5588403 1.5773677 1.6038401 2.0833803 1.8966251 1.4263518 1.7344920 1.6209525 2.0314418 1.4430382 1.6278861 1.6760213 1.7848377 1.7587619 2.0951259 1.8050232 1.8030927 1.7535108 1.8373560 1.8997769 1.8641755 1.8109321 1.8847310 1.6002372 1.5985196 1.6671378 1.6624545 1.4719369 1.4615692 1.4380373 1.5061183 1.4287717 1.5145153 1.5363068 1.5470456 1.6162592 1.4519608 1.5416700 1.4532419 1.4425754 1.3584019 1.2845373 1.6870385 1.6714843 1.4644049 1.6092866 1.9599621 1.8279218 1.6463813 1.3169015 1.3218655 1.3482488 1.3885307 1.6907353 3.1257180 3.1579978 2.9936673 3.2270076 3.1221827 3.1318636 2.9936673 2.9936673 3.2728124 3.0095381 3.0095381 3.2457583 3.2147184 2.9936673 3.2672299 2.9551086 3.0009552 3.2552321 2.7368341 4.2107528 4.4666385 4.3138774 4.2079818 4.4036297 4.0611179 3.8855416 3.6760225 3.8627502 3.9011122 4.2772514 4.3711109 4.2970399 4.6411295 3.0710711 4.7450096 4.3051888 3.0266610 2.8522874 3.1832963 2.5757219 3.2927392 3.1192192 2.8776417 3.0443892 3.6812113 3.9772372 3.6666043 3.1095607 3.1793357 2.9352383 3.5223475 3.3632577 3.5615550 3.3636757 3.2826928 3.1152271 4.0366971 3.5045665 2.6934510 
AKR1B10|NP_064695.3|Homo                                            0.9914285 0.9669158 0.9688313 0.9754979 0.4012221 0.3823135 0.4146631 0.4026292 0.3953775 0.4026076 0.2471812 0.2168218 0.2024599 0.0000000 0.4459839 0.2209291 0.2823811 0.0903479 0.2175662 0.1649122 1.0483957 1.0211455 1.0615999 1.0404983 0.9819081 1.0517869 1.0480397 1.1477088 1.1659078 1.1742779 1.1571941 1.0275073 1.1402598 1.1224000 1.1763720 0.9904337 1.0766451 1.1483538 1.1579752 1.0610039 0.9814644 1.2011514 1.1284735 1.0550344 1.1119448 1.0695869 1.0214707 1.0714799 1.0893175 0.9503679 1.0520303 1.0171647 1.0157930 1.0691810 1.1600868 1.1117306 0.9306669 0.8988853 0.9587415 4.5970334 0.7091083 0.7300899 1.6160711 0.6990438 1.3557793 1.6058631 1.3691982 1.3842881 1.6617249 1.4280407 1.4927576 1.5211822 1.6223841 1.5496852 1.5183930 1.5650054 1.5804448 1.5711510 1.5633209 1.6647654 1.6162405 1.5028274 1.4584922 1.2436564 1.3299591 1.6025135 1.5284745 1.4609376 1.4409582 1.4284400 1.4143853 1.4855548 1.4816062 1.5272626 1.5287110 2.1101029 1.9552808 1.4540486 1.6883313 1.6637681 2.1089452 1.4132363 1.7014453 1.7607310 1.8821439 1.8535455 2.0897348 1.8366047 1.8531040 1.8028926 1.9021855 1.9693916 1.9633832 1.9040860 1.9744246 1.5951121 1.5747106 1.6717231 1.6566456 1.4456060 1.4409646 1.4562500 1.4381395 1.4533163 1.5351378 1.5851558 1.5473296 1.6333903 1.4741175 1.5358941 1.4519811 1.4835626 1.3752352 1.2440390 1.6398918 1.7953097 1.5235682 1.5992062 2.0176254 1.7522704 1.6779163 1.2727315 1.2985816 1.2886642 1.3172323 1.7954754 3.0870775 3.1190146 3.0179429 3.1871536 3.1035118 3.0931079 3.0179429 3.0179429 3.4331927 3.0406942 3.0406942 3.3602889 3.3612989 3.0179429 3.4174227 3.1806597 3.0102018 3.1038831 2.8117300 3.8742805 4.1816126 4.1368192 4.0457526 4.1996690 4.0260625 3.8473466 3.6374701 3.8430345 3.8164873 4.3433085 4.4297119 4.3086583 4.6939758 3.2368297 4.9449482 4.5007699 2.8312368 2.8845756 3.3192785 2.5368409 3.1165934 3.1652092 2.8465037 3.0139909 3.6335841 3.8981066 3.6798782 3.2463452 3.1766774 2.8540828 3.4897890 3.1986070 3.4255440 3.1178698 3.1682952 3.0845538 3.8535634 3.5054277 2.7229140 
AKR1B12|CAC40811.1|Gallus                                           1.0732793 1.0817939 1.1031280 1.0759136 0.4739297 0.4626014 0.4698011 0.4532956 0.5065380 0.5221640 0.4708792 0.4611925 0.4648954 0.4459839 0.0000000 0.4687179 0.5097303 0.5015183 0.4944642 0.5150740 0.9742990 0.9626280 0.9854725 0.9503625 0.9370320 0.9749551 1.0235580 1.0566464 1.1703546 1.1272567 1.1022011 0.9844243 1.0444492 1.0405800 1.1222144 0.9596283 1.0181183 1.0511283 1.0788388 0.9881999 0.9672081 1.0532770 1.0346793 0.9868338 1.0564545 0.9932069 0.9648546 1.0008646 1.0313023 0.8867810 1.0351185 0.9953318 0.9671403 1.0017385 1.0867517 1.0794601 0.9926066 0.9608142 1.0638999 4.5127506 0.6646151 0.6134787 1.4844476 0.7843501 1.2160776 1.4590096 1.2529154 1.3134700 1.5614760 1.3890402 1.4491410 1.3585832 1.5162389 1.5408245 1.3558780 1.4941665 1.5023565 1.4568560 1.6427688 1.6810345 1.6044126 1.3493636 1.2784742 1.0750281 1.2376020 1.4925856 1.3261697 1.3228908 1.4350627 1.4589134 1.4682973 1.5001004 1.4961905 1.5581949 1.5116401 1.9750083 1.7647571 1.4649748 1.6743821 1.8405310 2.0615881 1.5387694 1.6493273 1.6452726 1.7252819 1.7004740 1.8307457 1.8421941 1.8561766 1.7087930 1.8013568 1.9527140 1.9152609 1.8761658 1.7963697 1.5305650 1.5649626 1.5873878 1.5631077 1.4781172 1.4664125 1.4055098 1.4524850 1.4250366 1.4274110 1.4711394 1.4563987 1.6209725 1.4590725 1.3989989 1.3888960 1.3840756 1.3914179 1.1601691 1.6660889 1.6844450 1.5029002 1.5463278 1.8705815 1.7894280 1.4259383 1.3283073 1.3323735 1.2910707 1.3416720 1.6728094 2.8491088 2.8486434 2.8441807 2.9106728 2.8151159 2.7972281 2.8441807 2.8441807 3.2250894 2.8382191 2.8382191 3.0858307 3.1521719 2.8441807 3.2078681 3.1146499 2.7766878 2.8954541 2.5970027 3.8261576 3.8341369 3.8633458 3.8007077 4.0627989 3.7410862 3.5228071 3.5537980 3.6565750 3.9128710 3.9967071 4.0730414 4.0424114 4.4577473 3.2366482 4.9704901 4.3688286 2.8680651 2.8217621 2.9715051 2.4359383 3.4005728 2.8059469 2.7924540 3.0470431 3.4624198 3.5896679 3.6217185 2.9683035 2.7350768 3.1281374 3.3128209 3.1462604 3.0482981 2.6493563 2.8397899 2.9023243 3.8208356 3.2004186 2.7507353 
AKR1B13|CAC80649.1|Rattus                                           0.9852314 0.9947144 0.9711752 0.9550612 0.3911637 0.3779194 0.4350737 0.4278012 0.4393262 0.4467993 0.2183499 0.0579162 0.0962352 0.2209291 0.4687179 0.0000000 0.2094199 0.2381855 0.1964300 0.1998475 1.0843132 1.0619831 1.1443130 1.0789512 1.0669633 1.1775401 1.1183714 1.1895038 1.2629466 1.2304247 1.2089375 1.1021935 1.1497111 1.1206641 1.2859369 1.1228566 1.1272879 1.2052076 1.2033504 1.1172918 1.1064865 1.2393488 1.1267408 1.0821880 1.1599311 1.0887957 1.1017042 1.0963331 1.1215426 1.0579564 1.1131712 1.1089206 1.1186013 1.1486401 1.1759233 1.1176652 0.9974389 0.9912131 1.0405580 4.6648591 0.6808229 0.6916805 1.5447955 0.7520556 1.3419220 1.4749194 1.3856094 1.3860514 1.6639020 1.4616116 1.5217040 1.5047732 1.6592993 1.5167211 1.5070025 1.6256316 1.5881029 1.5721896 1.5776539 1.6810852 1.6639736 1.4545533 1.4796427 1.2052926 1.3708606 1.6030582 1.4969450 1.4083579 1.3788948 1.3825501 1.4368635 1.5950497 1.5962394 1.5845278 1.5634743 2.0214440 1.8397874 1.4771387 1.7663159 1.6254198 1.9848375 1.4206482 1.5815976 1.6335401 1.7188047 1.6951613 2.0781981 1.8108356 1.7882438 1.7459212 1.8262349 1.9626442 1.8809905 1.8380904 1.9064670 1.5509591 1.5490894 1.6154499 1.5783313 1.5035240 1.4930364 1.4418946 1.4806166 1.4670621 1.5463605 1.6083812 1.5333154 1.5972922 1.4592412 1.5319595 1.4490878 1.4509957 1.4089698 1.2902573 1.5985716 1.6879207 1.4592517 1.6461909 1.9211980 1.6977938 1.6194347 1.2799458 1.2973678 1.3338762 1.3236519 1.6922988 2.9804387 3.0113027 2.9467117 3.0767874 2.9769646 2.9861269 2.9467117 2.9467117 3.3160518 2.9691200 2.9691200 3.1908438 3.1602622 2.9467117 3.2122493 3.0108683 2.8551918 3.1068176 2.6265766 4.1744593 4.4098820 4.3027138 4.1452984 4.2516012 4.2002557 3.9616646 3.4945769 3.6745028 3.8059124 3.9870864 4.0300959 3.9629249 4.2848988 3.1453537 4.6983703 4.3316080 2.9195587 2.8833931 3.0828639 2.5939116 3.1499305 3.1340673 2.8336412 3.0334046 3.6772942 3.8914481 3.5606873 3.0606992 3.1722699 2.8846595 3.5206544 3.3667992 3.6820915 3.3427150 3.1507644 2.9378731 4.1037405 3.3444565 2.6675821 
AKR1B14|NP_446233.2|Rattus                                          1.0183217 1.0127824 0.9811565 0.9649644 0.4438228 0.4330934 0.4809769 0.4760786 0.4736386 0.4961002 0.1486137 0.2040139 0.2400772 0.2823811 0.5097303 0.2094199 0.0000000 0.3092035 0.1353563 0.2506916 1.0838784 1.0533980 1.1331584 1.0795568 1.0649507 1.0974303 1.0670667 1.2233273 1.1686370 1.2499978 1.2319716 1.0943808 1.1389439 1.1321853 1.2014141 1.0819597 1.1219502 1.1422422 1.2206644 1.1368853 1.1018439 1.1817527 1.1382355 1.1044810 1.1393719 1.1096238 1.0897077 1.0946098 1.1106169 1.0263213 1.0671009 1.0459913 1.1047452 1.1220630 1.1633681 1.1272017 1.0111006 0.9924134 1.0679539 4.8808516 0.6814111 0.6868097 1.5981202 0.7774956 1.5017365 1.6139490 1.4943966 1.5057072 1.7184769 1.4816878 1.5201896 1.5557446 1.7710850 1.5357383 1.5529097 1.6190483 1.5964608 1.6272460 1.6136423 1.6089494 1.6352729 1.5125857 1.4975831 1.3109021 1.4568805 1.6324679 1.6237126 1.4649433 1.4051724 1.4868479 1.4623395 1.6214273 1.6356333 1.7029588 1.7216441 2.1011227 1.9403545 1.4745499 1.7771849 1.6351506 2.0391720 1.5030461 1.6768232 1.6901270 1.7843130 1.7551778 1.9927003 1.7477846 1.7575018 1.7549536 1.7677656 1.9119715 1.8484257 1.8063790 1.7998339 1.7155657 1.7189157 1.7909187 1.7059503 1.4870179 1.5144706 1.4584541 1.5298495 1.5094642 1.5606354 1.6828940 1.5290036 1.7252647 1.4833482 1.5385621 1.4778358 1.4991089 1.4663500 1.3708813 1.8110391 1.7745818 1.5192343 1.6602003 1.8846025 1.7602982 1.6754420 1.2930069 1.2718570 1.3639993 1.3534582 1.8293243 2.9338119 2.9751528 2.9518692 3.0384781 2.9304218 2.9506994 2.9518692 2.9518692 3.2302338 2.9715025 2.9715025 3.0961983 3.0733511 2.9518692 3.1230109 3.0289172 2.8456170 2.9959173 2.5060255 3.9124761 4.1667031 4.0863137 4.0000690 4.1263798 3.9014826 3.8935514 3.8474021 3.8822875 3.9078736 3.9183913 4.1297107 3.9163847 4.2829731 3.2263210 4.9190064 4.5419365 2.7317314 2.9652673 3.1541747 2.3627328 3.2512300 2.9289410 2.8396314 3.1070903 3.4309715 3.7243347 3.3684019 3.0364758 3.1442778 3.0375576 3.5834786 3.2180163 3.3628193 3.1148157 3.1841227 2.8975218 3.7990701 3.4681435 2.6906187 
AKR1B15|EAL24068.1|Homo                                             1.0987265 1.0990726 1.1042920 1.0927173 0.4678331 0.4389156 0.4728540 0.4599610 0.4648717 0.4797068 0.2981037 0.2484923 0.2302422 0.0903479 0.5015183 0.2381855 0.3092035 0.0000000 0.2545351 0.2264885 1.1048738 1.0908486 1.1309489 1.1199045 1.0759150 1.0778375 1.1054787 1.1771150 1.1907294 1.2141380 1.1967505 1.1636004 1.2166666 1.2033978 1.2718081 1.0685365 1.1636501 1.2079800 1.1767153 1.1874449 1.0545746 1.2432469 1.2096524 1.1010252 1.1933737 1.1504625 1.1170930 1.1433155 1.1609304 1.0403514 1.1327371 1.0819002 1.1089932 1.1337402 1.2269712 1.1732510 1.0213272 0.9860880 1.0583670 5.0424022 0.7874592 0.7722019 1.6842636 0.8040952 1.4896979 1.7510744 1.5490679 1.5445259 1.7772374 1.5455725 1.6021490 1.6174431 1.7277454 1.6287955 1.6123425 1.6817811 1.6833362 1.6726575 1.6470701 1.8059958 1.7500674 1.6176451 1.5229077 1.3050762 1.3921471 1.6839480 1.6209778 1.5461068 1.5619175 1.4727978 1.5610291 1.6412336 1.6375216 1.6831117 1.6103884 2.2466600 2.0468006 1.5848860 1.7481563 1.6680680 2.1584533 1.5839087 1.7769256 1.8352033 1.9508156 1.9211317 2.2060135 1.9635999 1.9819913 1.8647366 1.9666799 2.1057713 2.0399677 1.9786452 2.0127876 1.5994689 1.6309103 1.6735475 1.6346122 1.5676009 1.5632131 1.5710259 1.5255080 1.5741193 1.6564411 1.6646718 1.6412354 1.6535953 1.6056697 1.6425892 1.5714567 1.6054987 1.4987387 1.3532999 1.7843939 1.9286399 1.6033360 1.7555650 2.0712706 1.8337713 1.7946966 1.3264412 1.3384827 1.3022950 1.3609030 1.9467277 3.2563804 3.2902628 3.1920014 3.3632265 3.2741711 3.2630002 3.1920014 3.1920014 3.6121838 3.2156079 3.2156079 3.5306977 3.5602286 3.1920014 3.6206040 3.3586904 3.2103607 3.3336170 2.9369755 4.1824946 4.4603702 4.5271283 4.3103064 4.4749360 4.4754543 4.3093221 3.8700759 4.0571744 4.0468786 4.5678750 4.6256249 4.5471241 4.6273064 3.3025143 5.2295072 4.7697277 3.0751089 3.1893571 3.4820514 2.5926684 3.4336053 3.2634175 3.1258660 3.2016650 3.8275123 4.2699658 3.9755600 3.4496693 3.2701600 3.0532195 3.8760311 3.4025574 3.7033649 3.2962956 3.3103855 3.1712764 4.1038359 3.7236816 3.0059729 
