93
AKR1A1|NP_006057.1|Homo                                            0.0000000 0.0637012 0.0653636 0.0737671 1.1011164 1.1177784 1.1031038 1.1036137 1.1796727 1.0745662 1.1798171 1.1390175 1.2055128 1.1701275 1.2726513 1.1672478 1.2065089 1.3013212 1.2642147 1.1342209 1.4587104 1.4615396 1.5919850 1.4509361 1.5420378 1.5237207 1.5594241 1.6998707 1.7238080 1.6197944 1.6405858 1.5376449 1.6137001 1.5268677 1.7050495 1.6076524 1.6199750 1.6715568 1.6300189 1.6265618 1.5178182 1.6317415 1.5170037 1.5597552 1.6846539 1.4713384 1.5006498 1.4866128 1.5314459 1.5005837 1.5096249 1.4889671 1.4751472 1.5293356 1.5430059 1.5994024 1.4524891 1.3891202 1.4870898 5.3562280 1.2978407 1.3954564 1.8392151 1.8776325 1.0839521 1.5004593 1.5969586 1.8767056 1.5921717 1.9711386 2.0184715 1.6697579 3.6856162 3.7236529 3.6458750 3.8058857 3.7011281 3.7077568 3.6458750 3.6458750 4.1288134 3.6541620 3.6541620 4.0249843 3.8256599 3.6458750 3.9981820 3.4561147 3.5461598 3.4890334 3.7485447 3.4709906 3.7642455 
AKR1A2|P50578.3|Sus                                                0.0637012 0.0000000 0.0813980 0.0954780 1.1163323 1.1166439 1.1160594 1.1165922 1.1663226 1.0818037 1.1698476 1.1532823 1.1999038 1.1380113 1.2864895 1.1817644 1.1991860 1.3018871 1.2565566 1.1309220 1.4565770 1.4662104 1.5720177 1.4645504 1.5531201 1.4808874 1.5634539 1.7046148 1.7262311 1.5984930 1.6189693 1.5425219 1.5937079 1.5081474 1.7036020 1.6199125 1.5920512 1.6457068 1.6320600 1.6081081 1.4789735 1.6168201 1.4983822 1.5610039 1.6560779 1.4750621 1.5309134 1.4893321 1.5297594 1.4839941 1.5233650 1.4998538 1.4808912 1.4932624 1.5766979 1.5997723 1.4222538 1.3644898 1.4824896 5.1085680 1.2792923 1.4024384 1.7387382 1.8838471 1.0637914 1.5026093 1.6421646 1.8030224 1.6292866 2.0333694 2.0355528 1.7378629 3.6971492 3.7354128 3.6202398 3.8182093 3.7127611 3.7194261 3.6202398 3.6202398 4.2138314 3.6284947 3.6284947 3.9816206 3.8770461 3.6202398 4.0368967 3.3329029 3.6652174 3.5889704 3.7823167 3.6076359 3.9429445 
AKR1A3|P51635.2|Rattus                                             0.0653636 0.0813980 0.0000000 0.0289108 1.1054163 1.0964591 1.1354870 1.1298377 1.1721351 1.0734074 1.1621662 1.1407531 1.1893757 1.1415803 1.3152448 1.1521974 1.1604162 1.3095129 1.2478833 1.1329052 1.4728550 1.4706694 1.6012587 1.4472050 1.5375754 1.5356545 1.5455359 1.7005833 1.7608900 1.6786476 1.6998481 1.5297063 1.6108008 1.5296303 1.7685840 1.5817121 1.6168369 1.6615345 1.6217864 1.5951984 1.5393593 1.6365858 1.5197639 1.5896589 1.6722445 1.4640096 1.5273721 1.4882075 1.5201412 1.4871421 1.4962563 1.4972272 1.4749879 1.5657960 1.5442109 1.5935009 1.4803342 1.3877586 1.5080049 5.1631607 1.2648886 1.3582030 1.7905782 1.8120655 1.0454769 1.4781246 1.6456770 1.8917561 1.6872861 1.9899121 2.0421896 1.7312815 3.5739348 3.6109028 3.5351559 3.6902879 3.5889336 3.5954088 3.5351559 3.5351559 4.0582933 3.5403983 3.5403983 3.9116803 3.7210412 3.5351559 3.8893017 3.1652889 3.5601719 3.4888820 3.7113961 3.5427755 3.8459977 
AKR1A4|NP_067448.1|Mus                                             0.0737671 0.0954780 0.0289108 0.0000000 1.1394052 1.1018112 1.1350405 1.1332353 1.1865938 1.0906289 1.1625653 1.1196242 1.1707386 1.1492916 1.2763967 1.1308843 1.1391116 1.2929597 1.2251482 1.1117549 1.4180433 1.4159184 1.5463600 1.3970311 1.5205593 1.4989263 1.5265608 1.6757941 1.7115189 1.7031831 1.7179212 1.4831004 1.6152200 1.5366284 1.7398830 1.5575493 1.5885686 1.6328200 1.5946297 1.5677657 1.5175669 1.5984012 1.5267083 1.5311865 1.6741854 1.4133036 1.5293412 1.4901970 1.5220965 1.4706094 1.5073891 1.5082716 1.4641827 1.5080408 1.5444524 1.5918236 1.4651870 1.3983763 1.4937397 5.3401828 1.2719047 1.3689538 1.7758395 1.7815845 1.0825604 1.4462776 1.6360760 1.8170154 1.6370961 2.0353217 1.9972321 1.6941633 3.5374610 3.5136550 3.5313456 3.5898891 3.4923594 3.4986448 3.5313456 3.5313456 3.9619124 3.5365701 3.5365701 3.7834297 3.6719260 3.5313456 3.8371554 3.2058136 3.5332361 3.4791900 3.7041572 3.4977139 3.7971977 
AKR1B1|NP_001619.1|Homo                                            1.1011164 1.1163323 1.1054163 1.1394052 0.0000000 0.1272021 0.1739607 0.1725103 0.1636203 0.1598195 0.4378871 0.4603121 0.4375336 0.4445819 0.5385426 0.4332575 0.4936460 0.5249962 0.4743897 0.4154191 1.1882659 1.1738858 1.2233935 1.1765389 1.0669611 1.1524330 1.1436341 1.2923446 1.3453711 1.2660076 1.2390607 1.1707920 1.3061122 1.3257072 1.3140240 1.1264849 1.3519595 1.4241615 1.2398091 1.2227129 1.1226504 1.2971251 1.3347821 1.1828456 1.3410416 1.1890815 1.0867309 1.1174358 1.1529996 1.0373069 1.1189723 1.0918369 1.1136821 1.1705857 1.4065748 1.3952916 1.0949876 0.9961917 1.1779140 5.7211801 0.7307663 0.7458982 1.3164088 1.7332743 0.7803037 1.6392502 1.7253103 1.7160864 1.5928708 1.7913698 1.7545528 1.6658921 3.9805393 3.9969407 3.9005885 4.0870688 4.0025973 3.9613280 3.9005885 3.9005885 4.3747907 3.9095081 3.9095081 4.1597637 4.1942496 3.9005885 4.2708967 3.7376402 4.4165765 4.2567338 4.5191105 4.0782901 4.4835326 
AKR1B2|P15122.3|Oryctolagus|cuniculus|Animalia|Mammalia|Lagomorpha 1.1177784 1.1166439 1.0964591 1.1018112 0.1272021 0.0000000 0.1374008 0.1409647 0.1589481 0.1646227 0.4452658 0.4425857 0.4284246 0.4225684 0.5262137 0.4174492 0.4814500 0.4903170 0.4455097 0.4220519 1.1871130 1.1726019 1.2447784 1.2154501 1.1116411 1.1802247 1.1710368 1.2961448 1.3606578 1.2894270 1.2425248 1.1847121 1.2644372 1.2837370 1.3483838 1.1560073 1.2738087 1.3360961 1.2672846 1.2472990 1.1874740 1.3266067 1.2926953 1.1543245 1.2763062 1.2277975 1.1473302 1.1909344 1.2237936 1.0657596 1.1506560 1.1390628 1.1685704 1.2067761 1.3369940 1.2831661 1.1893744 1.0358206 1.2124019 6.0491913 0.6662949 0.7098517 1.2414027 1.7032642 0.7686741 1.5525684 1.6917749 1.7215356 1.5596148 1.8047053 1.7242417 1.5861578 3.9524279 3.9965459 3.9373445 4.0862864 3.9741556 3.9610800 3.9373445 3.9373445 4.3834085 3.9463307 3.9463307 4.0806437 4.1839195 3.9373445 4.2814318 3.7196956 4.5616210 4.4510587 4.7606358 4.2640763 4.7751826 
AKR1B3|P45376.3|Mus                                                1.1031038 1.1160594 1.1354870 1.1350405 0.1739607 0.1374008 0.0000000 0.0327887 0.2031531 0.1982815 0.4883470 0.4985828 0.4756639 0.4592296 0.5336032 0.4838818 0.5370062 0.5290393 0.5003954 0.4753248 1.2561577 1.2533620 1.2900332 1.2021338 1.1331266 1.1487242 1.2282604 1.3415505 1.3581101 1.2702472 1.2437071 1.2415472 1.2851268 1.3129455 1.3466877 1.1736156 1.3105271 1.3699579 1.3243018 1.2740367 1.1264799 1.3749609 1.3220361 1.1889801 1.2783370 1.2552225 1.1713938 1.2486173 1.2700004 1.0768915 1.1348308 1.1387030 1.2114882 1.1907005 1.3728450 1.3450547 1.2100734 1.1098042 1.2937995 5.6866599 0.7193818 0.7842962 1.2790163 1.7610531 0.7469785 1.6757404 1.6807517 1.6679473 1.5659310 1.7629325 1.7465355 1.5799354 3.7736252 3.8133855 3.7110387 3.8972104 3.7937736 3.7799433 3.7110387 3.7110387 4.0930169 3.7195194 3.7195194 3.8922150 3.9256939 3.7110387 3.9868128 3.6092669 4.3119236 4.1484048 4.3903279 4.0448276 4.5699537 
AKR1B4|NP_036630.1|Rattus                                          1.1036137 1.1165922 1.1298377 1.1332353 0.1725103 0.1409647 0.0327887 0.0000000 0.2005126 0.1979317 0.4881337 0.4916093 0.4536183 0.4450775 0.5138292 0.4751721 0.5315655 0.5137324 0.4951393 0.4728096 1.2811615 1.2784023 1.3109617 1.2267491 1.1579622 1.1657938 1.2512986 1.3515855 1.3842421 1.2737355 1.2471489 1.2621150 1.2950131 1.3229742 1.3732943 1.1697903 1.3179510 1.3775939 1.3393083 1.2798328 1.1440574 1.3936708 1.3320964 1.2114300 1.2899769 1.2804106 1.1989189 1.2784556 1.3002140 1.0824164 1.1475738 1.1514171 1.2314369 1.2165520 1.3898385 1.3622115 1.1894438 1.0895987 1.2722591 5.7538978 0.7178287 0.7802880 1.2626401 1.7303520 0.7494131 1.6293007 1.6994225 1.6606103 1.5924934 1.7367904 1.7575496 1.6067591 3.8597448 3.9024959 3.7991595 3.9892963 3.8806819 3.8680255 3.7991595 3.7991595 4.1500641 3.8078239 3.8078239 3.9447760 3.9799177 3.7991595 4.0420336 3.6877666 4.4159533 4.2450680 4.4949157 4.1134676 4.6782006 
AKR1B5|P16116.2|Bos                                                1.1796727 1.1663226 1.1721351 1.1865938 0.1636203 0.1589481 0.2031531 0.2005126 0.0000000 0.1200429 0.4966840 0.5055785 0.4884459 0.4381464 0.5772506 0.4890044 0.5282354 0.5210358 0.4892141 0.4514153 1.2293936 1.2145614 1.2465326 1.2478860 1.1214240 1.1382882 1.2070290 1.3142187 1.3940029 1.3305015 1.2944824 1.2046542 1.2840834 1.3136294 1.3739640 1.1677051 1.3081007 1.3838028 1.2838945 1.2433160 1.0926396 1.3302423 1.3226819 1.2039685 1.3200321 1.2585436 1.1820026 1.2322151 1.2612831 1.0801511 1.1648937 1.1222074 1.1727664 1.2302487 1.4153448 1.3828609 1.1554817 1.0174113 1.2315613 5.9991146 0.7512219 0.7868620 1.3341296 1.8739307 0.7831769 1.6929354 1.7908905 1.7640044 1.6804330 1.8491884 1.7531403 1.6693284 4.2206652 4.2383010 4.1681894 4.3341900 4.2443532 4.2008375 4.1681894 4.1681894 4.5536073 4.1775734 4.1775734 4.2795786 4.3505578 4.1681894 4.4815327 4.0028908 4.7198377 4.4746423 4.7523450 4.3190408 4.7929783 
AKR1B6|P80276.2|Sus                                                1.0745662 1.0818037 1.0734074 1.0906289 0.1598195 0.1646227 0.1982815 0.1979317 0.1200429 0.0000000 0.4951184 0.5077943 0.4937046 0.4476986 0.5978264 0.4984554 0.5558198 0.5399712 0.5193633 0.4825906 1.1889031 1.1743735 1.2298914 1.1852839 1.1018667 1.1514172 1.1849455 1.2817922 1.4259085 1.2326601 1.2029709 1.1872780 1.2465634 1.3022400 1.3842264 1.1301473 1.2920667 1.3784429 1.2533286 1.2631486 1.1576741 1.3039141 1.3112379 1.1663504 1.2855911 1.1916606 1.1462975 1.1952037 1.2303121 1.0531772 1.1439308 1.0938929 1.1554260 1.2144045 1.3358891 1.2976660 1.1571243 1.0550933 1.2456181 5.6365668 0.7360736 0.8001693 1.4167855 1.8108118 0.8158173 1.6392661 1.7809401 1.6787182 1.5508895 1.8179684 1.7672637 1.5894071 4.0483982 4.0649865 3.9579279 4.1558176 4.0706979 4.0291979 3.9579279 3.9579279 4.2895964 3.9668366 3.9668366 4.0413445 4.0858311 3.9579279 4.1871773 3.6843316 4.2314991 3.9287844 4.1429376 3.8899499 4.2811489 
AKR1B7|P21300.4|Mus                                                1.1798171 1.1698476 1.1621662 1.1625653 0.4378871 0.4452658 0.4883470 0.4881337 0.4966840 0.4951184 0.0000000 0.2308023 0.2758319 0.2645656 0.5325549 0.2336174 0.1552900 0.3242681 0.1746087 0.2798315 1.3268295 1.2965065 1.3475989 1.2806323 1.2649922 1.3506217 1.2912659 1.4573832 1.4666506 1.4045564 1.3801811 1.3405617 1.4106018 1.4068475 1.5390236 1.3131576 1.3468669 1.4057106 1.4666192 1.3835034 1.3419202 1.5385269 1.4161869 1.3475958 1.4103084 1.3284219 1.3399852 1.3574387 1.3783920 1.2232284 1.3006576 1.3277515 1.3334582 1.3958189 1.4386950 1.3376980 1.1696247 1.1974909 1.2156489 6.3991502 0.7412851 0.7772349 1.4113519 1.9147453 0.8868253 1.7486170 1.7693633 1.8359743 1.6161939 1.9250677 1.8771143 1.7613025 4.2747579 4.3410998 4.0881672 4.4423730 4.2740945 4.3017640 4.0881672 4.0881672 4.3624512 4.0975762 4.0975762 4.2972570 4.0520853 4.0881672 4.1246003 4.0002358 4.6946442 4.6311609 4.7894318 4.5706943 5.0091342 
AKR1B8|NP_032038.1|Mus                                             1.1390175 1.1532823 1.1407531 1.1196242 0.4603121 0.4425857 0.4985828 0.4916093 0.5055785 0.5077943 0.2308023 0.0000000 0.0874493 0.2309172 0.5214622 0.0594273 0.2186340 0.2680201 0.2071251 0.1944273 1.2746648 1.2478186 1.3634982 1.2805937 1.2387767 1.4086786 1.3236204 1.5058256 1.5089285 1.4190136 1.3876638 1.2928385 1.3745335 1.3544434 1.5241490 1.3224252 1.3614052 1.4397114 1.5115601 1.3516635 1.3235630 1.4999536 1.3635687 1.2698513 1.3976413 1.2947484 1.3010086 1.2871726 1.3174493 1.2499251 1.3293092 1.3163877 1.3187204 1.3543044 1.4386239 1.3272092 1.2033195 1.1802380 1.2596863 6.3293334 0.7698906 0.7803013 1.5212198 1.8660701 0.8620808 1.6994502 1.7355735 1.8504220 1.6406642 1.9453852 1.8664644 1.7396271 3.9579845 4.0183099 3.9421908 4.1089107 3.9571169 3.9825413 3.9421908 3.9421908 4.3162536 3.9511859 3.9511859 4.2570521 4.1215688 3.9421908 4.1944122 3.7433794 4.9326013 4.6818679 4.9153896 4.6148241 5.0704445 
AKR1B9|AAC53199.1|Cricetulus                                       1.2055128 1.1999038 1.1893757 1.1707386 0.4375336 0.4284246 0.4756639 0.4536183 0.4884459 0.4937046 0.2758319 0.0874493 0.0000000 0.2147227 0.5251550 0.0993786 0.2593038 0.2486102 0.2553390 0.1838801 1.2237435 1.1978260 1.2891720 1.2129742 1.2180056 1.3509062 1.2554426 1.4250256 1.4273044 1.3862639 1.3655408 1.2478903 1.3070095 1.2840596 1.4334102 1.2505811 1.3146698 1.3804183 1.4436944 1.3715021 1.2361985 1.4194817 1.2929078 1.2428869 1.3434873 1.2508837 1.2438776 1.2417124 1.2709994 1.1614998 1.2347451 1.2290424 1.2519888 1.2916205 1.3890775 1.2949117 1.1179429 1.1259269 1.1901487 5.9360265 0.8068409 0.8208659 1.4707582 1.8220049 0.8728152 1.6354706 1.8126691 1.9095741 1.7379369 1.9899124 1.9386943 1.8747782 4.1123217 4.1585640 3.9330926 4.2528801 4.1115619 4.1215717 3.9330926 3.9330926 4.1150051 3.9336497 3.9336497 4.1749404 4.0439874 3.9330926 4.1151124 3.6728978 4.9930044 4.7744333 4.9495896 4.6624240 5.2340370 
AKR1B10|NP_064695.3|Homo                                           1.1701275 1.1380113 1.1415803 1.1492916 0.4445819 0.4225684 0.4592296 0.4450775 0.4381464 0.4476986 0.2645656 0.2309172 0.2147227 0.0000000 0.5031720 0.2354657 0.3052778 0.0935842 0.2333946 0.1747647 1.2536988 1.2193824 1.2757545 1.2461878 1.1652245 1.2558454 1.2587924 1.3973440 1.4103926 1.3843124 1.3587524 1.2250180 1.3758834 1.3496157 1.4265289 1.1823178 1.2908559 1.3853622 1.4091264 1.2664464 1.1969638 1.4592097 1.3587373 1.2734967 1.3393956 1.2842478 1.2169166 1.2815442 1.3019866 1.1274952 1.2582590 1.2111834 1.2112507 1.2811048 1.4049605 1.3354073 1.1077849 1.0630148 1.1397230 6.1894907 0.8254366 0.8292484 1.4988945 1.9350460 0.8144408 1.7423147 1.8590357 1.7970217 1.6263645 1.9831486 1.8969188 1.7846929 3.8784755 3.9216003 3.7785757 4.0091904 3.8996199 3.8868502 3.7785757 3.7785757 4.2448584 3.7872300 3.7872300 4.2573536 4.1565888 3.7785757 4.2301107 3.8247306 4.5510563 4.3990757 4.6483643 4.3534712 4.8461988 
AKR1B12|CAC40811.1|Gallus                                          1.2726513 1.2864895 1.3152448 1.2763967 0.5385426 0.5262137 0.5336032 0.5138292 0.5772506 0.5978264 0.5325549 0.5214622 0.5251550 0.5031720 0.0000000 0.5301532 0.5796543 0.5714831 0.5617853 0.5852161 1.1576390 1.1427445 1.1712983 1.1320140 1.1098586 1.1575301 1.2275169 1.2687869 1.4086700 1.3478776 1.3154401 1.1741485 1.2493037 1.2432811 1.3490395 1.1377045 1.2139841 1.2591756 1.2944720 1.1756847 1.1772576 1.2572669 1.2346670 1.1787638 1.2698709 1.1875393 1.1435169 1.1901445 1.2274069 1.0431620 1.2369211 1.1870086 1.1458507 1.1942260 1.3052264 1.2959035 1.1888155 1.1505231 1.2806438 5.7294952 0.7556972 0.6966401 1.2787027 1.7691350 0.9242271 1.5629989 1.6488226 1.5447883 1.4994087 1.8265516 1.6417478 1.6002146 3.6805618 3.6804314 3.7623705 3.7629743 3.6721810 3.6481648 3.7623705 3.7623705 4.0653378 3.7710638 3.7710638 3.9738127 3.9743459 3.7623705 4.0617248 3.9871004 4.5879381 4.2123753 4.5826433 4.2057551 4.7142539 
AKR1B13|CAC80649.1|Rattus                                          1.1672478 1.1817644 1.1521974 1.1308843 0.4332575 0.4174492 0.4838818 0.4751721 0.4890044 0.4984554 0.2336174 0.0594273 0.0993786 0.2354657 0.5301532 0.0000000 0.2251629 0.2559800 0.2105286 0.2131256 1.3013823 1.2740982 1.3822890 1.2981072 1.2776798 1.4205449 1.3538995 1.4485287 1.5307225 1.4623196 1.4303496 1.3242557 1.3876857 1.3466935 1.5673302 1.3577237 1.3535211 1.4569157 1.4649788 1.3446732 1.3181560 1.5120917 1.3558056 1.3090704 1.4030091 1.3124578 1.3244099 1.3179676 1.3495366 1.2627015 1.3372915 1.3292862 1.3435225 1.3856596 1.4233768 1.3458790 1.1932406 1.1841712 1.2461810 6.4501882 0.7861420 0.7887550 1.4545606 1.8890236 0.8856533 1.7004536 1.7943529 1.8296981 1.6747078 1.9681642 1.8655756 1.6932927 3.9090131 3.9527000 3.8651749 4.0414899 3.9081118 3.9175318 3.8651749 3.8651749 4.2094274 3.8740078 3.8740078 4.1096393 4.0197993 3.8651749 4.0906811 3.7800516 4.8970105 4.7581361 5.0171629 4.6893002 5.1567265 
AKR1B14|NP_446233.2|Rattus                                         1.2065089 1.1991860 1.1604162 1.1391116 0.4936460 0.4814500 0.5370062 0.5315655 0.5282354 0.5558198 0.1552900 0.2186340 0.2593038 0.3052778 0.5796543 0.2251629 0.0000000 0.3385762 0.1423984 0.2716481 1.2963052 1.2556355 1.3598336 1.2910724 1.2682339 1.3162485 1.2768105 1.4907792 1.4001471 1.4829473 1.4576555 1.3063249 1.3655164 1.3582342 1.4493225 1.2973050 1.3435679 1.3736486 1.4851407 1.3641718 1.3311082 1.4332051 1.3673368 1.3310600 1.3726309 1.3310041 1.3013050 1.3067404 1.3275365 1.2162995 1.2732261 1.2429099 1.3220494 1.3473227 1.4015741 1.3547894 1.2044310 1.1849477 1.2737365 6.1668499 0.7923876 0.7825041 1.5852653 1.9420818 0.9116383 1.8382301 1.8740453 1.8748911 1.7832694 2.0143420 2.0146881 1.7945274 3.9455691 4.0051863 3.9433969 4.0946379 3.9447002 3.9698387 3.9433969 3.9433969 4.2515447 3.9492327 3.9492327 4.1408759 3.9864352 3.9433969 4.0563824 3.9100391 4.9095893 4.7618506 4.9371962 4.7492495 5.2708578 
AKR1B15|EAL24068.1|Homo                                            1.3013212 1.3018871 1.3095129 1.2929597 0.5249962 0.4903170 0.5290393 0.5137324 0.5210358 0.5399712 0.3242681 0.2680201 0.2486102 0.0935842 0.5714831 0.2559800 0.3385762 0.0000000 0.2770220 0.2438185 1.3252474 1.3073574 1.3647171 1.3458159 1.2812477 1.2924974 1.3339169 1.4365684 1.4380235 1.4355642 1.4093567 1.3992124 1.4750195 1.4552462 1.5497766 1.2816358 1.4019985 1.4610906 1.4326082 1.4291564 1.2804371 1.5111987 1.4648019 1.3308249 1.4430667 1.3862984 1.3385748 1.3741604 1.3942124 1.2391787 1.3574755 1.2918855 1.3268002 1.3658071 1.4920310 1.4149189 1.2230175 1.1717233 1.2671952 6.4069648 0.9205083 0.8771747 1.5489040 2.0222821 0.9488144 1.8356746 2.0060724 1.8802299 1.7065106 2.0758277 2.0037766 1.8943049 4.2887333 4.3378302 4.1837818 4.4384228 4.3133734 4.2987456 4.1837818 4.1837818 4.6632230 4.1932867 4.1932867 4.6268234 4.6072450 4.1837818 4.6903475 4.2811547 5.0379176 4.7696787 5.1987702 4.7186555 5.2612171 
AKR1B18|NP_001013102.1|Rattus                                      1.2642147 1.2565566 1.2478833 1.2251482 0.4743897 0.4455097 0.5003954 0.4951393 0.4892141 0.5193633 0.1746087 0.2071251 0.2553390 0.2333946 0.5617853 0.2105286 0.1423984 0.2770220 0.0000000 0.2655011 1.3289224 1.2929789 1.3471113 1.3174476 1.2534967 1.3135308 1.3114521 1.4423728 1.4118437 1.4654100 1.4402824 1.3207806 1.3954592 1.3781062 1.4778647 1.3371217 1.3346819 1.3691657 1.4277813 1.3900411 1.3161668 1.4693923 1.3873786 1.3511735 1.3962582 1.3582113 1.3017030 1.3787255 1.4197711 1.2069441 1.2980155 1.2823560 1.3088629 1.3822227 1.4795245 1.3822360 1.2124959 1.2103856 1.2558610 6.7111516 0.7892325 0.7827527 1.4308293 1.9004153 0.9184168 1.8107868 1.8331116 1.8474203 1.6572741 1.8784227 1.8538087 1.7109264 4.1924298 4.2571095 4.1042975 4.3554076 4.1917150 4.2187622 4.1042975 4.1042975 4.4792760 4.1136724 4.1136724 4.4314858 4.2816769 4.1042975 4.3654737 4.0922532 5.0023577 4.8682044 5.1945330 4.7720380 5.3713660 
AKR1B19|NP_001254517.1|Oryctolagus                                 1.1342209 1.1309220 1.1329052 1.1117549 0.4154191 0.4220519 0.4753248 0.4728096 0.4514153 0.4825906 0.2798315 0.1944273 0.1838801 0.1747647 0.5852161 0.2131256 0.2716481 0.2438185 0.2655011 0.0000000 1.2390539 1.2175079 1.3409091 1.2745599 1.1921295 1.3503536 1.2762422 1.4622342 1.4205918 1.4344673 1.4029995 1.3004792 1.3574146 1.4001232 1.4352596 1.1861734 1.3573948 1.4304070 1.4241066 1.3786488 1.2372794 1.4718721 1.4094892 1.2926456 1.3685734 1.2923394 1.2669012 1.2687818 1.3154935 1.1459259 1.2816140 1.2073272 1.2344168 1.2747509 1.4210589 1.4010533 1.1333292 1.1259581 1.1922793 6.0265556 0.8650370 0.8878188 1.4719970 1.7688969 0.7889963 1.7435886 1.7324269 1.9619306 1.7525685 1.9608849 1.9176309 1.7623712 3.7721166 3.7865079 3.6797612 3.8687697 3.7711412 3.7799524 3.6797612 3.6797612 4.2344646 3.6881175 3.6881175 4.2565223 4.1665213 3.6797612 4.2398024 3.8763936 4.5754829 4.3382470 4.5412424 4.3150877 4.7060736 
AKR1C1|NP_001344.2|Homo                                            1.4587104 1.4565770 1.4728550 1.4180433 1.1882659 1.1871130 1.2561577 1.2811615 1.2293936 1.1889031 1.3268295 1.2746648 1.2237435 1.2536988 1.1576390 1.3013823 1.2963052 1.3252474 1.3289224 1.2390539 0.0000000 0.0226118 0.1493790 0.2173210 0.2632938 0.3206498 0.3103470 0.4766380 0.4928498 0.7747030 0.7892413 0.3114902 0.5136682 0.5594743 0.5056944 0.4716895 0.5150267 0.5148381 0.4141136 0.4223363 0.3776596 0.4033272 0.5589836 0.2464635 0.5011092 0.2183372 0.3591498 0.3309605 0.3213059 0.2754702 0.3148823 0.3149627 0.2371625 0.3181536 0.5551438 0.5072383 0.8071528 0.7906503 0.8358954 5.1308195 1.2602704 1.3274609 1.5866313 1.9095630 1.2145984 1.7771487 2.0149848 1.8143760 1.5821392 2.1859737 1.8618225 1.6577269 3.8757579 3.8376456 3.7065383 3.9210882 3.8288836 3.8039343 3.7065383 3.7065383 3.8884813 3.7714753 3.7714753 4.0544115 3.8636448 3.7065383 3.9187904 3.9896940 4.5409904 4.3867940 4.3461028 4.2318112 4.7457997 
AKR1C2|NP_001345.1|Homo                                            1.4615396 1.4662104 1.4706694 1.4159184 1.1738858 1.1726019 1.2533620 1.2784023 1.2145614 1.1743735 1.2965065 1.2478186 1.1978260 1.2193824 1.1427445 1.2740982 1.2556355 1.3073574 1.2929789 1.2175079 0.0226118 0.0000000 0.1619371 0.2353434 0.2831544 0.3419435 0.3307756 0.4951843 0.5055212 0.7973030 0.8120907 0.3217742 0.5224216 0.5686314 0.5150223 0.4944926 0.5178803 0.5044497 0.4266366 0.4241600 0.3864334 0.3991753 0.5681426 0.2651646 0.5097319 0.2410733 0.3611989 0.3389688 0.3399988 0.2901685 0.3330629 0.3407702 0.2604920 0.3442005 0.5642793 0.5184521 0.8117839 0.7882607 0.8497304 5.1027508 1.2716045 1.3301670 1.6394599 1.8939581 1.2065627 1.7790160 2.0374025 1.7716173 1.5579695 2.2226488 1.8319415 1.6452370 3.7693947 3.7325305 3.6120668 3.8130249 3.7237792 3.6996898 3.6120668 3.6120668 3.7689920 3.6749227 3.6749227 3.9491045 3.7451762 3.6120668 3.7986036 3.8508075 4.5282661 4.3828614 4.4598249 4.2003374 4.7422657 
AKR1C3|NP_003730.4|Homo                                            1.5919850 1.5720177 1.6012587 1.5463600 1.2233935 1.2447784 1.2900332 1.3109617 1.2465326 1.2298914 1.3475989 1.3634982 1.2891720 1.2757545 1.1712983 1.3822890 1.3598336 1.3647171 1.3471113 1.3409091 0.1493790 0.1619371 0.0000000 0.2023702 0.3093414 0.3333175 0.3527702 0.4376012 0.4671477 0.7444845 0.7587774 0.3196976 0.5487181 0.6022946 0.4713805 0.4856368 0.5650719 0.5582560 0.3860246 0.4394952 0.3507498 0.4331315 0.6018154 0.3069000 0.5415000 0.2068110 0.3515661 0.3384816 0.3332808 0.2923276 0.3377209 0.3244290 0.2734765 0.3362536 0.5938916 0.5587415 0.8896567 0.8457438 0.9412176 5.3462089 1.2655433 1.3716947 1.6527149 1.9405371 1.2241790 1.8308239 2.0053050 1.7299921 1.6505392 2.1595954 1.9278987 1.7266422 3.9709432 3.9318259 3.7844115 4.0176888 3.9230870 3.8974401 3.7844115 3.7844115 3.9049175 3.8508061 3.8508061 4.0262979 3.9105665 3.7844115 3.9572042 4.0009135 4.7740746 4.4609083 4.5471965 4.2703904 4.7940576 
AKR1C4|P17516.3|Homo                                               1.4509361 1.4645504 1.4472050 1.3970311 1.1765389 1.2154501 1.2021338 1.2267491 1.2478860 1.1852839 1.2806323 1.2805937 1.2129742 1.2461878 1.1320140 1.2981072 1.2910724 1.3458159 1.3174476 1.2745599 0.2173210 0.2353434 0.2023702 0.0000000 0.2849128 0.3379188 0.3660764 0.4889260 0.4767636 0.7966349 0.8015496 0.3404858 0.5314786 0.5622987 0.4873107 0.4599391 0.5324532 0.5572596 0.4346539 0.4691257 0.4136719 0.4265616 0.5618100 0.2840224 0.5365285 0.0664422 0.3397915 0.3388462 0.3500668 0.3244189 0.3313282 0.3108992 0.2645852 0.3426647 0.5543190 0.5247307 0.8504382 0.8227185 0.8725491 5.1855058 1.2293718 1.2766373 1.5866339 1.8885400 1.2518494 1.8697166 2.0143937 1.9395303 1.6769884 2.1673831 1.8546041 1.7091519 3.7530703 3.7167091 3.6540535 3.7960631 3.7125204 3.6887370 3.6540535 3.6540535 3.7924986 3.7169955 3.7169955 4.0452217 3.7886214 3.6540535 3.8443151 3.9835582 4.5375444 4.5372199 4.3832297 4.2944567 4.8200502 
AKR1C5|P80508.1|Oryctolagus                                        1.5420378 1.5531201 1.5375754 1.5205593 1.0669611 1.1116411 1.1331266 1.1579622 1.1214240 1.1018667 1.2649922 1.2387767 1.2180056 1.1652245 1.1098586 1.2776798 1.2682339 1.2812477 1.2534967 1.1921295 0.2632938 0.2831544 0.3093414 0.2849128 0.0000000 0.2646769 0.3570828 0.4640274 0.4319654 0.7493356 0.7638483 0.3640970 0.5916424 0.6010710 0.4446386 0.4250197 0.5549537 0.5933272 0.4134881 0.4235506 0.3299554 0.4065614 0.6005906 0.2788098 0.5681283 0.2831388 0.2558025 0.2641062 0.2689606 0.1880771 0.2284216 0.2311385 0.1002267 0.3032205 0.6015821 0.5434567 0.7863047 0.8118766 0.8369659 5.3052378 1.2199105 1.2192788 1.4919317 1.9166768 1.1892034 1.8818714 1.9874539 1.9023450 1.7685472 2.0377450 1.9355957 1.7252102 3.6899940 3.7227227 3.6729959 3.8023960 3.7130458 3.6946532 3.6729959 3.6729959 3.9290595 3.7365809 3.7365809 4.1788221 3.8418822 3.6729959 3.8978595 4.0335867 4.3355923 4.2937175 4.2481961 4.0081481 4.4843503 
AKR1C6|NP_085114.1|Mus                                             1.5237207 1.4808874 1.5356545 1.4989263 1.1524330 1.1802247 1.1487242 1.1657938 1.1382882 1.1514172 1.3506217 1.4086786 1.3509062 1.2558454 1.1575301 1.4205449 1.3162485 1.2924974 1.3135308 1.3503536 0.3206498 0.3419435 0.3333175 0.3379188 0.2646769 0.0000000 0.4214895 0.4603341 0.4245292 0.7227865 0.7369278 0.4306271 0.5408374 0.5675685 0.4164793 0.4424236 0.5622886 0.5467980 0.4179596 0.4665700 0.1418914 0.3476716 0.5670782 0.3190747 0.5434726 0.3256922 0.3383476 0.3373379 0.3439110 0.3085412 0.3385973 0.3141038 0.2707491 0.3271281 0.5539351 0.5150870 0.7858432 0.8014973 0.8414948 5.0873785 1.1689789 1.1886161 1.6098528 1.8515133 1.1922139 1.7520973 1.9338081 1.8363784 1.6490947 1.9778375 1.7747172 1.7142555 3.9733547 4.0359157 3.9203181 4.1252923 4.0209751 4.0004651 3.9203181 3.9203181 3.9325566 3.9900697 3.9900697 4.1512522 3.8432801 3.9203181 3.8908469 4.0729077 4.4264207 4.2263946 4.4461086 4.1049104 4.6138963 
AKR1C7|P05980.3|Bos                                                1.5594241 1.5634539 1.5455359 1.5265608 1.1436341 1.1710368 1.2282604 1.2512986 1.2070290 1.1849455 1.2912659 1.3236204 1.2554426 1.2587924 1.2275169 1.3538995 1.2768105 1.3339169 1.3114521 1.2762422 0.3103470 0.3307756 0.3527702 0.3660764 0.3570828 0.4214895 0.0000000 0.5057515 0.4942510 0.7963092 0.7912791 0.1656654 0.5378309 0.5642733 0.5312227 0.4315009 0.5059635 0.5354831 0.4593509 0.5372873 0.4455775 0.4958241 0.5637832 0.3468896 0.5393840 0.4011301 0.3871012 0.3991107 0.3993003 0.3817798 0.3700034 0.3519113 0.3577169 0.4162110 0.5511636 0.5402384 0.8404634 0.8480174 0.8588826 5.2343833 1.2119194 1.2543709 1.4761692 1.8854297 1.2285929 1.6409559 2.1158984 1.8002751 1.6616146 2.0706578 1.7166582 1.6396999 4.1092740 4.0746124 3.8614963 4.1649187 4.0644067 4.0436676 3.8614963 3.8614963 3.8862381 3.9298927 3.9298927 4.1401690 3.8565599 3.8614963 3.9686727 4.1665342 4.7887617 4.4471258 4.5807119 4.2734772 4.7488332 
AKR1C8|P51652.1|Rattus                                             1.6998707 1.7046148 1.7005833 1.6757941 1.2923446 1.2961448 1.3415505 1.3515855 1.3142187 1.2817922 1.4573832 1.5058256 1.4250256 1.3973440 1.2687869 1.4485287 1.4907792 1.4365684 1.4423728 1.4622342 0.4766380 0.4951843 0.4376012 0.4889260 0.4640274 0.4603341 0.5057515 0.0000000 0.5439379 0.8492826 0.8667331 0.5523543 0.5834646 0.6191838 0.5170760 0.6531031 0.6157205 0.6232982 0.0642167 0.5580057 0.4946038 0.5127719 0.6187091 0.4343872 0.5954084 0.4912694 0.5077675 0.4689792 0.4705352 0.4560950 0.5145289 0.4673792 0.4552454 0.4591677 0.6017365 0.5888150 0.9345541 0.9984367 0.9785333 5.0009394 1.2915101 1.4262986 1.4846879 2.0095592 1.3286556 1.7730707 2.0358402 1.7780791 1.6978426 1.8874591 1.7686189 1.6398425 4.2962877 4.2384470 4.0597680 4.3358497 4.2204520 4.2014900 4.0597680 4.0597680 4.2656450 4.1165823 4.1165823 4.4038102 4.2494538 4.0597680 4.2807468 3.9660760 4.8366161 4.8344802 5.0661875 4.6908013 5.0721759 
AKR1C9|P23457.1|Rattus                                             1.7238080 1.7262311 1.7608900 1.7115189 1.3453711 1.3606578 1.3581101 1.3842421 1.3940029 1.4259085 1.4666506 1.5089285 1.4273044 1.4103926 1.4086700 1.5307225 1.4001471 1.4380235 1.4118437 1.4205918 0.4928498 0.5055212 0.4671477 0.4767636 0.4319654 0.4245292 0.4942510 0.5439379 0.0000000 0.9297824 0.9390393 0.5053693 0.6027112 0.6312378 0.1476826 0.6217261 0.5906350 0.6210424 0.5085786 0.5579371 0.4838006 0.5210779 0.6307577 0.4781392 0.6316945 0.4708770 0.4865315 0.4450291 0.4827791 0.4450300 0.5182606 0.4879559 0.4248039 0.4244259 0.6265818 0.5764465 0.9437579 1.0178057 0.9702328 5.7783777 1.3653062 1.4248983 1.6517306 2.0383721 1.3623134 1.8090105 2.0470307 2.1142079 1.8328362 2.0327475 1.9508010 1.6828462 3.9492182 3.9062615 4.1061961 3.9905264 3.8598643 3.8406731 4.1061961 4.1061961 4.0776217 4.0870516 4.0870516 4.6219314 4.0945645 4.1061961 4.2249743 4.3319862 5.3113370 4.9513603 5.2123864 4.6982663 5.2887794 
AKR1C10a|P02532.3|Rana                                             1.6197944 1.5984930 1.6786476 1.7031831 1.2660076 1.2894270 1.2702472 1.2737355 1.3305015 1.2326601 1.4045564 1.4190136 1.3862639 1.3843124 1.3478776 1.4623196 1.4829473 1.4355642 1.4654100 1.4344673 0.7747030 0.7973030 0.7444845 0.7966349 0.7493356 0.7227865 0.7963092 0.8492826 0.9297824 0.0000000 0.0222751 0.8396153 0.8930424 0.9400143 0.9281962 0.8476245 0.9662850 1.0029201 0.7814680 0.8127251 0.7112110 0.8121138 0.9396089 0.7818648 0.8781676 0.8294629 0.7253330 0.7368277 0.7575557 0.6831108 0.7392413 0.7168060 0.7677059 0.7766807 0.9101171 0.8700866 0.9999539 0.9896678 1.0005091 5.7242875 1.4101431 1.4306106 1.9509587 2.4095113 1.4534133 1.8942223 2.2242153 2.1767797 2.0575104 2.3438544 2.0577143 2.0973414 4.1043470 4.1492626 3.9303756 4.2433382 4.1093496 4.0960581 3.9303756 3.9303756 4.0266486 3.9682442 3.9682442 4.4160171 4.0369072 3.9303756 4.0420420 4.8584136 4.9217822 4.8138337 5.0032464 4.7308685 5.1857535 
AKR1C10b|P17264.2|Rana                                             1.6405858 1.6189693 1.6998481 1.7179212 1.2390607 1.2425248 1.2437071 1.2471489 1.2944824 1.2029709 1.3801811 1.3876638 1.3655408 1.3587524 1.3154401 1.4303496 1.4576555 1.4093567 1.4402824 1.4029995 0.7892413 0.8120907 0.7587774 0.8015496 0.7638483 0.7369278 0.7912791 0.8667331 0.9390393 0.0222751 0.0000000 0.8345234 0.9078240 0.9551634 0.9514116 0.8405931 0.9890562 1.0186881 0.7994915 0.8214610 0.7340667 0.8273521 0.9547627 0.7745735 0.8929517 0.8344836 0.7452596 0.7607998 0.7820165 0.6968814 0.7593926 0.7365532 0.7823393 0.7825642 0.9281922 0.8845688 1.0199346 0.9946237 1.0260821 5.7047904 1.4148706 1.4224224 1.9182911 2.3528409 1.4386443 1.8925691 2.2416805 2.1700730 2.0571186 2.2957069 2.0512358 2.1197810 4.1642013 4.2101918 4.0104929 4.3066562 4.1695638 4.1559416 4.0104929 4.0104929 4.1724306 4.0495886 4.0495886 4.5262006 4.1373019 4.0104929 4.1743789 4.9080424 4.9261179 4.7316380 4.9496093 4.6814302 5.1306495 
AKR1C11|BAA13690.1|Bos                                             1.5376449 1.5425219 1.5297063 1.4831004 1.1707920 1.1847121 1.2415472 1.2621150 1.2046542 1.1872780 1.3405617 1.2928385 1.2478903 1.2250180 1.1741485 1.3242557 1.3063249 1.3992124 1.3207806 1.3004792 0.3114902 0.3217742 0.3196976 0.3404858 0.3640970 0.4306271 0.1656654 0.5523543 0.5053693 0.8396153 0.8345234 0.0000000 0.5793131 0.5587572 0.5372927 0.4253507 0.5194951 0.5482583 0.4980676 0.5103297 0.4223223 0.4794326 0.5582673 0.3280231 0.5689537 0.3635167 0.3846015 0.4295965 0.4269195 0.3919591 0.4011399 0.3840161 0.3627622 0.4537076 0.5901398 0.5653934 0.8059657 0.7992383 0.8125968 5.6351512 1.2402331 1.3068355 1.6136278 1.8377423 1.2028493 1.6889206 1.9977478 1.8675592 1.6481627 2.1082846 1.7491430 1.5855275 4.0756062 4.0414607 4.0350349 4.1303177 4.0313498 4.0109322 4.0350349 4.0350349 3.8459465 4.1073585 4.1073585 4.2253244 3.7999930 4.0350349 3.9076936 4.0341592 4.8777149 4.6582400 4.6746408 4.4149098 4.9830701 
AKR1C12|NP_038805.2|Mus                                            1.6137001 1.5937079 1.6108008 1.6152200 1.3061122 1.2644372 1.2851268 1.2950131 1.2840834 1.2465634 1.4106018 1.3745335 1.3070095 1.3758834 1.2493037 1.3876857 1.3655164 1.4750195 1.3954592 1.3574146 0.5136682 0.5224216 0.5487181 0.5314786 0.5916424 0.5408374 0.5378309 0.5834646 0.6027112 0.8930424 0.9078240 0.5793131 0.0000000 0.0683185 0.6145985 0.6531504 0.1307371 0.1739210 0.5454810 0.3943757 0.6190893 0.6010524 0.0718825 0.5454571 0.1023834 0.5167799 0.4947428 0.4850689 0.5319018 0.5345168 0.5429941 0.5442175 0.5520869 0.5697602 0.1773702 0.1940783 1.0625438 1.0863933 1.1027386 5.3780247 1.2690655 1.3093064 1.5582617 1.9445410 1.3687347 1.7233341 2.1464306 1.8642588 1.7910033 1.7664647 1.7880553 1.6365777 3.9940508 4.0395949 4.0571680 4.1303919 3.9854110 4.0045256 4.0571680 4.0571680 3.9633586 4.1309070 4.1309070 4.2022228 4.0353359 4.0571680 4.0888194 4.1978111 4.4732892 4.3881928 4.4120580 4.2040288 4.7608003 
AKR1C13|NP_038806.2|Mus                                            1.5268677 1.5081474 1.5296303 1.5366284 1.3257072 1.2837370 1.3129455 1.3229742 1.3136294 1.3022400 1.4068475 1.3544434 1.2840596 1.3496157 1.2432811 1.3466935 1.3582342 1.4552462 1.3781062 1.4001232 0.5594743 0.5686314 0.6022946 0.5622987 0.6010710 0.5675685 0.5642733 0.6191838 0.6312378 0.9400143 0.9551634 0.5587572 0.0683185 0.0000000 0.6374440 0.6602666 0.1061197 0.1646812 0.5523415 0.4015584 0.6044242 0.5891181 0.0031745 0.5540620 0.1455784 0.5481467 0.4783145 0.4947863 0.5417479 0.5470292 0.5686497 0.5760192 0.5626202 0.6181538 0.1731860 0.1848758 1.0857849 1.0993583 1.1200223 5.4371270 1.2964300 1.3261027 1.5511886 1.9175425 1.3584037 1.7596925 2.0914638 1.8616641 1.7681825 1.7759355 1.8085087 1.6502090 4.1452595 4.1929079 4.2103996 4.2886157 4.1366946 4.1564413 4.2103996 4.2103996 4.0358456 4.2878192 4.2878192 4.4050533 4.1090155 4.2103996 4.1637072 4.0806354 4.7249275 4.6240660 4.6630471 4.4182064 5.0123578 
AKR1C14|NP_598833.1|Mus                                            1.7050495 1.7036020 1.7685840 1.7398830 1.3140240 1.3483838 1.3466877 1.3732943 1.3739640 1.3842264 1.5390236 1.5241490 1.4334102 1.4265289 1.3490395 1.5673302 1.4493225 1.5497766 1.4778647 1.4352596 0.5056944 0.5150223 0.4713805 0.4873107 0.4446386 0.4164793 0.5312227 0.5170760 0.1476826 0.9281962 0.9514116 0.5372927 0.6145985 0.6374440 0.0000000 0.6703067 0.6004043 0.6170557 0.4762606 0.5311890 0.4642587 0.4792580 0.6369677 0.4620578 0.6416164 0.4926063 0.4710198 0.4477412 0.4854100 0.4275765 0.5163020 0.4974337 0.4423961 0.4380512 0.6279147 0.5996028 0.9470241 1.0312645 1.0029821 5.6008994 1.3561259 1.4197862 1.7106248 2.0260986 1.4058748 1.8886342 2.0280560 2.2354204 1.9034956 2.0954732 2.0101538 1.7307443 4.0440568 4.0394880 4.0459405 4.1279418 4.0076714 3.9875185 4.0459405 4.0459405 4.0532237 3.9977974 3.9977974 4.5922666 4.0743221 4.0459405 4.2256878 4.3504876 5.1288401 4.7870944 5.1105773 4.4596602 5.0306199 
AKR1C15|2008147B|Rattus                                            1.6076524 1.6199125 1.5817121 1.5575493 1.1264849 1.1560073 1.1736156 1.1697903 1.1677051 1.1301473 1.3131576 1.3224252 1.2505811 1.1823178 1.1377045 1.3577237 1.2973050 1.2816358 1.3371217 1.1861734 0.4716895 0.4944926 0.4856368 0.4599391 0.4250197 0.4424236 0.4315009 0.6531031 0.6217261 0.8476245 0.8405931 0.4253507 0.6531504 0.6602666 0.6703067 0.0000000 0.6593126 0.6599747 0.6156145 0.6500078 0.4872044 0.6167675 0.6597946 0.4987981 0.6716429 0.4791677 0.4545326 0.5142343 0.5225233 0.4414337 0.4673863 0.4468304 0.4407667 0.5020383 0.7153093 0.7165399 0.8943501 0.9130246 0.9166361 5.3766410 1.2949104 1.2835447 1.5807801 1.8930278 1.1816061 1.6633736 2.0293121 1.9148876 1.7950166 1.8948289 1.7943064 1.7586700 3.8299555 3.7980683 3.6597303 3.8803929 3.7374922 3.7189111 3.6597303 3.6597303 3.6658255 3.7231431 3.7231431 3.7553176 3.6222097 3.6597303 3.6970675 4.1136181 4.6796984 4.4981606 4.5745230 4.3984004 4.8681720 
AKR1C16|2008147A|Rattus                                            1.6199750 1.5920512 1.6168369 1.5885686 1.3519595 1.2738087 1.3105271 1.3179510 1.3081007 1.2920667 1.3468669 1.3614052 1.3146698 1.2908559 1.2139841 1.3535211 1.3435679 1.4019985 1.3346819 1.3573948 0.5150267 0.5178803 0.5650719 0.5324532 0.5549537 0.5622886 0.5059635 0.6157205 0.5906350 0.9662850 0.9890562 0.5194951 0.1307371 0.1061197 0.6004043 0.6593126 0.0000000 0.0837679 0.5536966 0.4052365 0.6035121 0.6065326 0.1097812 0.5065501 0.1097366 0.5385989 0.4759424 0.4933807 0.5414212 0.4974175 0.5375356 0.5581915 0.5234783 0.5660972 0.1767828 0.1906316 1.1046902 1.1097007 1.0893486 5.3464409 1.3103446 1.3268564 1.5760522 1.9115217 1.3367619 1.8301595 2.0407580 1.8789012 1.8101958 1.8037808 1.7787023 1.5181943 4.0909516 4.1382178 4.2934770 4.2329269 4.0823626 4.1020112 4.2934770 4.2934770 4.1580692 4.2934770 4.2934770 4.4520560 4.2343988 4.2934770 4.2920018 4.2408517 4.8090116 4.6346754 4.7854178 4.6533554 5.0991112 
AKR1C17|2008147C|Rattus                                            1.6715568 1.6457068 1.6615345 1.6328200 1.4241615 1.3360961 1.3699579 1.3775939 1.3838028 1.3784429 1.4057106 1.4397114 1.3804183 1.3853622 1.2591756 1.4569157 1.3736486 1.4610906 1.3691657 1.4304070 0.5148381 0.5044497 0.5582560 0.5572596 0.5933272 0.5467980 0.5354831 0.6232982 0.6210424 1.0029201 1.0186881 0.5482583 0.1739210 0.1646812 0.6170557 0.6599747 0.0837679 0.0000000 0.5670315 0.4544282 0.5772500 0.5805956 0.1685591 0.5281758 0.1401026 0.5512187 0.5015402 0.5106004 0.5588829 0.5328623 0.5655648 0.5827997 0.5478196 0.5819558 0.2287429 0.2206433 1.1690377 1.1769790 1.1517874 5.3744026 1.3507432 1.3761692 1.6519223 1.9775418 1.4584401 1.9145829 2.0707735 1.8821283 1.7865440 1.8760209 1.8350523 1.5157219 4.0161428 4.0617715 4.0225215 4.1528262 4.0075539 4.0266690 4.0225215 4.0225215 3.8814767 4.0949487 4.0949487 4.1672522 3.9524526 4.0225215 4.0048341 3.9971986 4.9288041 4.6401549 4.8617889 4.5979384 5.0972148 
AKR1C18|NP_001333464.1|Mus                                         1.6300189 1.6320600 1.6217864 1.5946297 1.2398091 1.2672846 1.3243018 1.3393083 1.2838945 1.2533286 1.4666192 1.5115601 1.4436944 1.4091264 1.2944720 1.4649788 1.4851407 1.4326082 1.4277813 1.4241066 0.4141136 0.4266366 0.3860246 0.4346539 0.4134881 0.4179596 0.4593509 0.0642167 0.5085786 0.7814680 0.7994915 0.4980676 0.5454810 0.5523415 0.4762606 0.6156145 0.5536966 0.5670315 0.0000000 0.5488773 0.4481210 0.4442343 0.5518060 0.4013476 0.5427038 0.4376776 0.4704320 0.4032366 0.4110349 0.4078388 0.4493935 0.4090442 0.3956404 0.4203029 0.5577325 0.5335137 0.8895197 0.9472481 0.9328387 5.0812138 1.2841653 1.3878776 1.4533618 1.8869549 1.3085441 1.8107398 1.9783855 1.7636819 1.7128557 1.8468469 1.8160672 1.6153148 4.2429964 4.1841867 4.0536412 4.2830042 4.1903311 4.1465398 4.0536412 4.0536412 4.1273544 4.1121871 4.1121871 4.2937514 4.1479177 4.0536412 4.1738404 3.9578145 4.8013337 4.7557382 5.0291544 4.7115453 5.0417086 
AKR1C19|NP_001013807.2|Mus                                         1.6265618 1.6081081 1.5951984 1.5677657 1.2227129 1.2472990 1.2740367 1.2798328 1.2433160 1.2631486 1.3835034 1.3516635 1.3715021 1.2664464 1.1756847 1.3446732 1.3641718 1.4291564 1.3900411 1.3786488 0.4223363 0.4241600 0.4394952 0.4691257 0.4235506 0.4665700 0.5372873 0.5580057 0.5579371 0.8127251 0.8214610 0.5103297 0.3943757 0.4015584 0.5311890 0.6500078 0.4052365 0.4544282 0.5488773 0.0000000 0.4834506 0.5111532 0.4023801 0.4689650 0.4182177 0.4670000 0.4193890 0.4542808 0.4960944 0.3874935 0.4948317 0.4948609 0.4117357 0.4851456 0.4421411 0.4300160 0.9949725 0.9697858 1.0445594 5.2898521 1.2694639 1.2689901 1.5047475 1.9530002 1.2571546 1.6740010 2.0492399 1.8968228 1.7214528 2.0033284 1.7401164 1.6045496 3.7760526 3.8192792 3.8530974 3.9023069 3.7672118 3.7856837 3.8530974 3.8530974 3.9505162 3.9224567 3.9224567 4.4031519 3.9597735 3.8530974 4.0010486 4.1099674 4.3186391 4.2611827 4.4798699 4.0464529 4.4857633 
