93
AKR1A1|NP_006057.1|Homo                                            0.0000000 0.0637135 0.0653773 0.0737821 1.1023759 1.1190610 1.1044230 1.1049366 1.1809993 1.0758093 1.1811586 1.1404216 1.2069282 1.1715384 1.2743005 1.1686127 1.2079024 1.3030807 1.2657897 1.1356530 1.4607269 1.4635238 1.5943288 1.4527170 1.5442364 1.5259205 1.5613813 1.7022565 1.7265222 1.6224083 1.6432036 1.5397075 1.6159868 1.5291851 1.7075532 1.6098440 1.6223128 1.6739414 1.6324026 1.6288457 1.5199191 1.6340344 1.5193178 1.5620559 1.6869792 1.4732635 1.5029547 1.4890257 1.5339840 1.5027749 1.5117938 1.4910470 1.4772430 1.5314708 1.5452217 1.6017495 1.4544392 1.3908721 1.4891756 5.3743070 1.2996299 1.3975229 1.8809859 1.0851476 1.5028648 1.5992142 1.8800467 1.8424908 1.5948924 1.9746396 2.0221796 1.6719711 3.6943215 3.7324083 3.6545449 3.8148600 3.7098502 3.7164747 3.6545449 3.6545449 4.1393994 3.6628303 3.6628303 4.0354672 3.8350116 3.6545449 4.0080756 3.4648545 3.5544244 3.4968024 3.7575082 3.4789068 3.7730884 
AKR1A2|P50578.3|Sus                                                0.0637135 0.0000000 0.0814170 0.0955024 1.1176075 1.1179068 1.1173889 1.1179263 1.1676113 1.0830336 1.1711719 1.1547178 1.2012936 1.1394082 1.2881193 1.1831110 1.2005907 1.3036581 1.2581459 1.1323191 1.4585561 1.4681548 1.5742868 1.4663876 1.5553162 1.4830069 1.5653705 1.7069805 1.7289174 1.6009622 1.6214425 1.5445636 1.5959763 1.5104424 1.7060364 1.6221699 1.5943673 1.6480773 1.6343582 1.6103157 1.4810342 1.6191296 1.5006741 1.5632752 1.6583810 1.4769792 1.5331961 1.4917036 1.5322380 1.4860796 1.5255261 1.5019187 1.4829536 1.4952977 1.5789705 1.6021098 1.4240628 1.3661333 1.4844468 5.1256866 1.2810547 1.4044816 1.8871804 1.0649957 1.5049691 1.6443996 1.8061302 1.7417403 1.6319252 2.0371252 2.0394722 1.7401834 3.7058860 3.7442116 3.6287099 3.8272516 3.7215197 3.7281822 3.6287099 3.6287099 4.2249875 3.6369643 3.6369643 3.9920738 3.8868033 3.6287099 4.0469873 3.3412441 3.6742374 3.5974823 3.7918680 3.6164675 3.9532243 
AKR1A3|P51635.2|Rattus                                             0.0653773 0.0814170 0.0000000 0.0289130 1.1066336 1.0976603 1.1368216 1.1311444 1.1733489 1.0745928 1.1634762 1.1420870 1.1907357 1.1429725 1.3168689 1.1535072 1.1617369 1.3112827 1.2494091 1.1342882 1.4748928 1.4726661 1.6036373 1.4490475 1.5398265 1.5378713 1.5475033 1.7029346 1.7636627 1.6813090 1.7025211 1.5317706 1.6131133 1.5319007 1.7711522 1.5839434 1.6191349 1.6639375 1.6240755 1.5974551 1.5414635 1.6389040 1.5220299 1.5919961 1.6745811 1.4659710 1.5297414 1.4906431 1.5227081 1.4893400 1.4984784 1.4993786 1.4771274 1.5679780 1.5464670 1.5958036 1.4822340 1.3894556 1.5100435 5.1801927 1.2665797 1.3602359 1.8152739 1.0466116 1.4805685 1.6478955 1.8950811 1.7936791 1.6899975 1.9934302 2.0460039 1.7335459 3.5822783 3.6192830 3.5434553 3.6988824 3.5972873 3.6037575 3.5434553 3.5434553 4.0686809 3.5487061 3.5487061 3.9217169 3.7299771 3.5434553 3.8987542 3.1733234 3.5687502 3.4970725 3.7206299 3.5515667 3.8558608 
AKR1A4|NP_067448.1|Mus                                             0.0737821 0.0955024 0.0289130 0.0000000 1.1406782 1.1030823 1.1364182 1.1346110 1.1878585 1.0918866 1.1638664 1.1209540 1.1720982 1.1507054 1.2780435 1.1321919 1.1404280 1.2947333 1.2266638 1.1131312 1.4200190 1.4178481 1.5486851 1.3988281 1.5227890 1.5011037 1.5285541 1.6781452 1.7142098 1.7058854 1.7206020 1.4851545 1.6175531 1.5389323 1.7423947 1.5597785 1.5908366 1.6351893 1.5969088 1.5699913 1.5196861 1.6006835 1.5290067 1.5334479 1.6765352 1.4152149 1.5317702 1.4926879 1.5247231 1.4727894 1.5096322 1.5104420 1.4663376 1.5101698 1.5466948 1.5941354 1.4670519 1.4000486 1.4957455 5.3584087 1.2736704 1.3710128 1.7847316 1.0837475 1.4486912 1.6383413 1.8202586 1.7790361 1.6397297 2.0389230 2.0009496 1.6964229 3.5457471 3.5217662 3.5398141 3.5982008 3.5004519 3.5067312 3.5398141 3.5398141 3.9717129 3.5450468 3.5450468 3.7928889 3.6806290 3.5398141 3.8463491 3.2141707 3.5416088 3.4871812 3.7131540 3.5060810 3.8065705 
AKR1B1|NP_001619.1|Homo                                            1.1023759 1.1176075 1.1066336 1.1406782 0.0000000 0.1272507 0.1740425 0.1725904 0.1636900 0.1598928 0.4382500 0.4607001 0.4379043 0.4449549 0.5390028 0.4336163 0.4940794 0.5254687 0.4747953 0.4157545 1.1897589 1.1753874 1.2249590 1.1779411 1.0682263 1.1538129 1.1449656 1.2938933 1.3472835 1.2676933 1.2407580 1.1722963 1.3079579 1.3275962 1.3157041 1.1279056 1.3538565 1.4261476 1.2413894 1.2243885 1.1241142 1.2987816 1.3366674 1.1843415 1.3428346 1.1905178 1.0881636 1.1188925 1.1544931 1.0385748 1.1203816 1.0931610 1.1150778 1.1720636 1.4084276 1.3971895 1.0961786 0.9972240 1.1791262 5.7404087 0.7315060 0.7466393 1.7362730 0.7809975 1.6420034 1.7283513 1.7191228 1.3181457 1.5951989 1.7945552 1.7574060 1.6683057 3.9902704 4.0065730 3.9105480 4.0968825 4.0124751 3.9709170 3.9105480 3.9105480 4.3861567 3.9194668 3.9194668 4.1702886 4.2050567 3.9105480 4.2820005 3.7468049 4.4294263 4.2681808 4.5326991 4.0893036 4.4968032 
AKR1B2|P15122.3|Oryctolagus|cuniculus|Animalia|Mammalia|Lagomorpha 1.1190610 1.1179068 1.0976603 1.1030823 0.1272507 0.0000000 0.1374576 0.1410233 0.1590184 0.1646993 0.4456328 0.4429446 0.4287720 0.4229076 0.5266486 0.4177772 0.4818665 0.4907487 0.4458751 0.4223898 1.1888095 1.1743026 1.2466669 1.2171789 1.1131622 1.1818617 1.1725361 1.2978632 1.3627201 1.2913059 1.2443761 1.1864424 1.2663178 1.2856457 1.3502757 1.1576547 1.2757001 1.3381094 1.2690224 1.2492179 1.1892628 1.3284710 1.2945999 1.1558870 1.2780941 1.2294945 1.1490242 1.1926700 1.2256004 1.0672299 1.1522797 1.1406635 1.1702347 1.2084523 1.3388540 1.2849516 1.1907991 1.0370353 1.2137658 6.0711938 0.6669699 0.7105539 1.7060588 0.7694004 1.5550442 1.6947073 1.7245948 1.2430394 1.5617637 1.8077691 1.7270562 1.5883865 3.9617840 4.0060058 3.9471459 4.0959407 3.9836547 3.9704918 3.9471459 3.9471459 4.3949020 3.9561338 3.9561338 4.0908755 4.1948309 3.9471459 4.2925701 3.7287414 4.5747449 4.4631671 4.7750283 4.2755710 4.7895171 
AKR1B3|P45376.3|Mus                                                1.1044230 1.1173889 1.1368216 1.1364182 0.1740425 0.1374576 0.0000000 0.0327922 0.2032577 0.1983931 0.4887675 0.4990256 0.4760785 0.4596213 0.5340466 0.4843100 0.5375075 0.5295371 0.5008372 0.4757399 1.2578288 1.2550490 1.2918251 1.2037845 1.1346528 1.1501736 1.2297773 1.3432466 1.3600911 1.2720698 1.2455396 1.2432362 1.2869485 1.3148620 1.3485778 1.1752579 1.3124195 1.3719838 1.3260802 1.2758935 1.1279167 1.3769285 1.3239503 1.1905352 1.2801339 1.2568832 1.1729992 1.2503266 1.2717724 1.0783730 1.1364680 1.1402982 1.2131623 1.1923352 1.3747000 1.3469112 1.2116058 1.1111276 1.2953496 5.7058390 0.7201581 0.7851638 1.7640987 0.7476343 1.6785509 1.6835936 1.6707820 1.2806855 1.5680843 1.7657670 1.7494072 1.5821181 3.7827136 3.8225087 3.7201473 3.9065177 3.8029793 3.7890400 3.7201473 3.7201473 4.1034204 3.7286253 3.7286253 3.9017955 3.9355588 3.7201473 3.9969562 3.6176998 4.3234229 4.1588408 4.4024497 4.0550979 4.5830446 
AKR1B4|NP_036630.1|Rattus                                          1.1049366 1.1179263 1.1311444 1.1346110 0.1725904 0.1410233 0.0327922 0.0000000 0.2006150 0.1980433 0.4885537 0.4920415 0.4540025 0.4454500 0.5142497 0.4755886 0.5320547 0.5142058 0.4955715 0.4732240 1.2828387 1.2800959 1.3128008 1.2284090 1.1595162 1.1672773 1.2528660 1.3533017 1.3862376 1.2755643 1.2489872 1.2638554 1.2968231 1.3248784 1.3752017 1.1714408 1.3198213 1.3795947 1.3411077 1.2816441 1.1455433 1.3956633 1.3339979 1.2129926 1.2917705 1.2820811 1.2005504 1.2801980 1.3020213 1.0838772 1.1492072 1.1530064 1.2331598 1.2182137 1.3917361 1.3640237 1.1909661 1.0909131 1.2737992 5.7735821 0.7185901 0.7811348 1.7333533 0.7500737 1.6319777 1.7023885 1.6634897 1.2643197 1.5947041 1.7396011 1.7605689 1.6090214 3.8690254 3.9118594 3.8086161 3.9988386 3.8900904 3.8773562 3.8086161 3.8086161 4.1604397 3.8172782 3.8172782 3.9543344 3.9897765 3.8086161 4.0521554 3.6966268 4.4278879 4.2559007 4.5075223 4.1240195 4.6918481 
AKR1B5|P16116.2|Bos                                                1.1809993 1.1676113 1.1733489 1.1878585 0.1636900 0.1590184 0.2032577 0.2006150 0.0000000 0.1200924 0.4971019 0.5060137 0.4888673 0.4384919 0.5777611 0.4894231 0.5287075 0.5214985 0.4896209 0.4517815 1.2309356 1.2161150 1.2481806 1.2494600 1.1227797 1.1396570 1.2084988 1.3157888 1.3959665 1.3323811 1.2963708 1.2062716 1.2858373 1.3154810 1.3757138 1.1692380 1.3099361 1.3857682 1.2854827 1.2449839 1.0940061 1.3319229 1.3245296 1.2056094 1.3218040 1.2600811 1.1835461 1.2337988 1.2629146 1.0814732 1.1663483 1.1235707 1.1742231 1.2318165 1.4172064 1.3846668 1.1568867 1.0185539 1.2329573 6.0200256 0.7520445 0.7877543 1.8772241 0.7838874 1.6956286 1.7938065 1.7672869 1.3359525 1.6828785 1.8525313 1.7560636 1.6717166 4.2316019 4.2491631 4.1789498 4.3452936 4.2554805 4.2116077 4.1789498 4.1789498 4.5658921 4.1883417 4.1883417 4.2905121 4.3622781 4.1789498 4.4934743 4.0131625 4.7329516 4.4862760 4.7662929 4.3303695 4.8069470 
AKR1B6|P80276.2|Sus                                                1.0758093 1.0830336 1.0745928 1.0918866 0.1598928 0.1646993 0.1983931 0.1980433 0.1200924 0.0000000 0.4955444 0.5082334 0.4941284 0.4480604 0.5983350 0.4988874 0.5563460 0.5404607 0.5198205 0.4830017 1.1904233 1.1759025 1.2315295 1.1866631 1.1032272 1.1528308 1.1864075 1.2833353 1.4279243 1.2343423 1.2046395 1.1888744 1.2482744 1.3040804 1.3860235 1.1316289 1.2938970 1.3804383 1.2549214 1.2649236 1.1592380 1.3056205 1.3130727 1.1678521 1.2873337 1.1930354 1.1478201 1.1967938 1.2319452 1.0545012 1.1453950 1.0952567 1.1568991 1.2160021 1.3376264 1.2993589 1.1584779 1.0562487 1.2469853 5.6562324 0.7368412 0.8010466 1.8137673 0.8166408 1.6418939 1.7839860 1.6818727 1.4187411 1.5530547 1.8210862 1.7701851 1.5914932 4.0581599 4.0746532 3.9674395 4.1656639 4.0806127 4.0388147 3.9674395 3.9674395 4.3002587 3.9763477 3.9763477 4.0508348 4.0957228 3.9674395 4.1973087 3.6931783 4.2429863 3.9383923 4.1543634 3.8997375 4.2931550 
AKR1B7|P21300.4|Mus                                                1.1811586 1.1711719 1.1634762 1.1638664 0.4382500 0.4456328 0.4887675 0.4885537 0.4971019 0.4955444 0.0000000 0.2309379 0.2760076 0.2647376 0.5330205 0.2337596 0.1553598 0.3244972 0.1746959 0.2800165 1.3286260 1.2983087 1.3494402 1.2822756 1.2667229 1.3524710 1.2927708 1.4590850 1.4687180 1.4064610 1.3820647 1.3422810 1.4125694 1.4087929 1.5411510 1.3149190 1.3487484 1.4077308 1.4684560 1.3853558 1.3438845 1.5405876 1.4181332 1.3494587 1.4122492 1.3301482 1.3419029 1.3593410 1.3803592 1.2248766 1.3025061 1.3295500 1.3352875 1.3977157 1.4406928 1.3395520 1.1709751 1.1989043 1.2170202 6.4230470 0.7419837 0.7779796 1.9182851 0.8876676 1.7513052 1.7723082 1.8390552 1.4132859 1.6185634 1.9285481 1.8801383 1.7638236 4.2859303 4.3524661 4.0985020 4.4540214 4.2853160 4.3130115 4.0985020 4.0985020 4.3736645 4.1079187 4.1079187 4.3082410 4.0620583 4.0985020 4.1348341 4.0105699 4.7086536 4.6446840 4.8040028 4.5845940 5.0254292 
AKR1B8|NP_032038.1|Mus                                             1.1404216 1.1547178 1.1420870 1.1209540 0.4607001 0.4429446 0.4990256 0.4920415 0.5060137 0.5082334 0.2309379 0.0000000 0.0874734 0.2310426 0.5219150 0.0594418 0.2187564 0.2681837 0.2072336 0.1945290 1.2764038 1.2495231 1.3654371 1.2822725 1.2405008 1.4105952 1.3251632 1.5076498 1.5111643 1.4210536 1.3897274 1.2946107 1.3764498 1.3564027 1.5261894 1.3241458 1.3633919 1.4418831 1.5135650 1.3534826 1.3254651 1.5019192 1.3655256 1.2715405 1.3995347 1.2964260 1.3027425 1.2889460 1.3193168 1.2516247 1.3311687 1.3182229 1.3205578 1.3561679 1.4406194 1.3290061 1.2048069 1.1816337 1.2612308 6.3533128 0.7706702 0.7811218 1.8694453 0.8629749 1.7020877 1.7384017 1.8534400 1.5233915 1.6430860 1.9489141 1.8693506 1.7420256 3.9672494 4.0276833 3.9515998 4.1185292 3.9663898 3.9918450 3.9515998 3.9515998 4.3271892 3.9606003 3.9606003 4.2680374 4.1318924 3.9515998 4.2050016 3.7527855 4.9477702 4.6950460 4.9303852 4.6281795 5.0866403 
AKR1B9|AAC53199.1|Cricetulus                                       1.2069282 1.2012936 1.1907357 1.1720982 0.4379043 0.4287720 0.4760785 0.4540025 0.4888673 0.4941284 0.2760076 0.0874734 0.0000000 0.2148346 0.5256037 0.0994102 0.2594566 0.2487640 0.2554956 0.1839735 1.2253299 1.1993784 1.2909290 1.2144651 1.2196773 1.3526958 1.2568853 1.4267685 1.4293843 1.3882343 1.3675663 1.2494979 1.3087856 1.2858365 1.4352805 1.2521404 1.3164455 1.3823681 1.4455871 1.3733138 1.2378964 1.4212835 1.2946795 1.2445380 1.3452196 1.2524463 1.2454535 1.2433238 1.2727037 1.1630597 1.2364423 1.2307044 1.2537247 1.2933574 1.3909220 1.2966644 1.1193488 1.1273258 1.1915536 5.9567030 0.8076608 0.8217273 1.8252292 0.8736627 1.6380607 1.8157168 1.9128567 1.4728661 1.7406172 1.9937097 1.9419601 1.8774174 4.1223981 4.1688020 3.9426225 4.2633808 4.1216655 4.1317183 3.9426225 3.9426225 4.1249621 3.9432053 3.9432053 4.1852825 4.0538230 3.9426225 4.1252056 3.6819637 5.0083304 4.7880685 4.9646797 4.6759197 5.2513808 
AKR1B10|NP_064695.3|Homo                                           1.1715384 1.1394082 1.1429725 1.1507054 0.4449549 0.4229076 0.4596213 0.4454500 0.4384919 0.4480604 0.2647376 0.2310426 0.2148346 0.0000000 0.5035938 0.2356004 0.3054785 0.0936158 0.2335274 0.1748529 1.2553371 1.2209955 1.2774452 1.2478314 1.1668299 1.2576168 1.2603603 1.3990577 1.4123821 1.3863537 1.3608147 1.2267129 1.3777918 1.3515087 1.4284528 1.1839144 1.2925965 1.3873912 1.4110070 1.2682312 1.1986551 1.4612578 1.3606284 1.2752197 1.3412356 1.2859392 1.2186180 1.2833652 1.3038711 1.1289375 1.2599899 1.2128207 1.2128706 1.2828667 1.4068589 1.3372671 1.1090668 1.0642388 1.1410343 6.2122749 0.8262829 0.8301470 1.9386764 0.8152858 1.7451516 1.8621602 1.8002006 1.5009948 1.6287145 1.9864841 1.9002785 1.7873165 3.8874314 3.9306533 3.7874719 4.0184477 3.9087113 3.8958588 3.7874719 3.7874719 4.2556515 3.7961231 3.7961231 4.2682386 4.1671422 3.7874719 4.2409107 3.8342908 4.5641062 4.4107700 4.6618161 4.3654905 4.8611234 
AKR1B12|CAC40811.1|Gallus                                          1.2743005 1.2881193 1.3168689 1.2780435 0.5390028 0.5266486 0.5340466 0.5142497 0.5777611 0.5983350 0.5330205 0.5219150 0.5256037 0.5035938 0.0000000 0.5306167 0.5801683 0.5719892 0.5622693 0.5857456 1.1590615 1.1441706 1.1727945 1.1333623 1.1111994 1.1590059 1.2289442 1.2703283 1.4106453 1.3498619 1.3173738 1.1756093 1.2508794 1.2448853 1.3507900 1.1391816 1.2155259 1.2608386 1.2962234 1.1771270 1.1787238 1.2589881 1.2362758 1.1802030 1.2714031 1.1889812 1.1450334 1.1917404 1.2290459 1.0444141 1.2385466 1.1884783 1.1472914 1.1957011 1.3068917 1.2975755 1.1902944 1.1517395 1.2822450 5.7497094 0.7564160 0.6973212 1.7723682 0.9251087 1.5653676 1.6516506 1.5474208 1.2802987 1.5015525 1.8296945 1.6440814 1.6024560 3.6888557 3.6887721 3.7713901 3.7714348 3.6805668 3.6565171 3.7713901 3.7713901 4.0751159 3.7800741 3.7800741 3.9829926 3.9842115 3.7713901 4.0718279 3.9974315 4.5999003 4.2221528 4.5944659 4.2163906 4.7272502 
AKR1B13|CAC80649.1|Rattus                                          1.1686127 1.1831110 1.1535072 1.1321919 0.4336163 0.4177772 0.4843100 0.4755886 0.4894231 0.4988874 0.2337596 0.0594418 0.0994102 0.2356004 0.5306167 0.0000000 0.2252934 0.2561292 0.2106435 0.2132425 1.3031419 1.2758207 1.3842720 1.2998222 1.2794870 1.4225649 1.3554849 1.4503671 1.5330663 1.4644214 1.4324715 1.3260381 1.3896643 1.3486238 1.5695437 1.3595163 1.3554791 1.4591615 1.4669798 1.3464949 1.3201383 1.5141241 1.3577339 1.3108534 1.4049664 1.3141727 1.3262309 1.3198090 1.3514733 1.2644700 1.3391865 1.3311765 1.3454489 1.3876180 1.4253777 1.3477387 1.1946923 1.1855729 1.2476654 6.4746636 0.7869764 0.7895988 1.8924029 0.8865523 1.7032395 1.7972844 1.8327221 1.4565279 1.6772157 1.9718332 1.8684656 1.6956938 3.9182341 3.9620352 3.8746533 4.0510554 3.9173350 3.9268098 3.8746533 3.8746533 4.2198964 3.8834887 3.8834887 4.1199250 4.0297267 3.8746533 4.1008646 3.7897779 4.9119885 4.7719198 5.0330748 4.7032432 5.1735974 
AKR1B14|NP_446233.2|Rattus                                         1.2079024 1.2005907 1.1617369 1.1404280 0.4940794 0.4818665 0.5375075 0.5320547 0.5287075 0.5563460 0.1553598 0.2187564 0.2594566 0.3054785 0.5801683 0.2252934 0.0000000 0.3388152 0.1424621 0.2718159 1.2980291 1.2573694 1.3617711 1.2928471 1.2700571 1.3180334 1.2784411 1.4926538 1.4022920 1.4851422 1.4598211 1.3081541 1.3674853 1.3601901 1.4514232 1.2990857 1.3454857 1.3756431 1.4871537 1.3660807 1.3330988 1.4351722 1.3692914 1.3328927 1.3744750 1.3328173 1.3031870 1.3086621 1.3294782 1.2180128 1.2750889 1.2446660 1.3238755 1.3491845 1.4035661 1.3566120 1.2059244 1.1863810 1.2753269 6.1890529 0.7931728 0.7832927 1.9457072 0.9126064 1.8411872 1.8772381 1.8780426 1.5876431 1.7860885 2.0181119 2.0181546 1.7971354 3.9553160 4.0150332 3.9533300 4.1047192 3.9544542 3.9796212 3.9533300 3.9533300 4.2623652 3.9591847 3.9591847 4.1516538 3.9962762 3.9533300 4.0664694 3.9204800 4.9245349 4.7759345 4.9523362 4.7637061 5.2884118 
AKR1B15|EAL24068.1|Homo                                            1.3030807 1.3036581 1.3112827 1.2947333 0.5254687 0.4907487 0.5295371 0.5142058 0.5214985 0.5404607 0.3244972 0.2681837 0.2487640 0.0936158 0.5719892 0.2561292 0.3388152 0.0000000 0.2772029 0.2439696 1.3271273 1.3092482 1.3666577 1.3477497 1.2832664 1.2943129 1.3356172 1.4383304 1.4401762 1.4377616 1.4115714 1.4012921 1.4771170 1.4573719 1.5519968 1.2834789 1.4040280 1.4633192 1.4345434 1.4312757 1.2822964 1.5134551 1.4669295 1.3327505 1.4451405 1.3882811 1.3405574 1.3762101 1.3963603 1.2409609 1.3595761 1.2937943 1.3288428 1.3677426 1.4940970 1.4169755 1.2245777 1.1732503 1.2687825 6.4300336 0.9215677 0.8782266 2.0262413 0.9498651 1.8386270 2.0095273 1.8836872 1.5512319 1.7090863 2.0797395 2.0073432 1.8972521 4.2986794 4.3479440 4.1936980 4.4487545 4.3235101 4.3087651 4.1936980 4.1936980 4.6752165 4.2032060 4.2032060 4.6389707 4.6194298 4.1936980 4.7027431 4.2924369 5.0532741 4.7830853 5.2149977 4.7323525 5.2783781 
AKR1B18|NP_001013102.1|Rattus                                      1.2657897 1.2581459 1.2494091 1.2266638 0.4747953 0.4458751 0.5008372 0.4955715 0.4896209 0.5198205 0.1746959 0.2072336 0.2554956 0.2335274 0.5622693 0.2106435 0.1424621 0.2772029 0.0000000 0.2656644 1.3308076 1.2948364 1.3490296 1.3192885 1.2553723 1.3153930 1.3131285 1.4442495 1.4139522 1.4674807 1.4423222 1.3226476 1.3975413 1.3801665 1.4799521 1.3390984 1.3365984 1.3711877 1.4296830 1.3920457 1.3181446 1.4715031 1.3894393 1.3530933 1.3983093 1.3601007 1.3036237 1.3807891 1.4219442 1.2086502 1.3000071 1.2842178 1.3107696 1.3842249 1.4816265 1.3841697 1.2140879 1.2119207 1.2574373 6.7368083 0.7900580 0.7836033 1.9040201 0.9193839 1.8136283 1.8361347 1.8506743 1.4329401 1.6598311 1.8816237 1.8569083 1.7133981 4.2028981 4.2677275 4.1145698 4.3662647 4.2022214 4.2292872 4.1145698 4.1145698 4.4910761 4.1239505 4.1239505 4.4434590 4.2928589 4.1145698 4.3768570 4.1033304 5.0178412 4.8831292 5.2114187 4.7864614 5.3894792 
AKR1B19|NP_001254517.1|Oryctolagus                                 1.1356530 1.1323191 1.1342882 1.1131312 0.4157545 0.4223898 0.4757399 0.4732240 0.4517815 0.4830017 0.2800165 0.1945290 0.1839735 0.1748529 0.5857456 0.2132425 0.2718159 0.2439696 0.2656644 0.0000000 1.2407889 1.2191980 1.3427235 1.2762273 1.1938110 1.3522288 1.2779785 1.4640555 1.4226702 1.4366013 1.4051519 1.3023247 1.3592669 1.4021103 1.4372229 1.1876993 1.3593209 1.4324003 1.4259332 1.3806197 1.2390265 1.4738218 1.4114750 1.2944117 1.3703975 1.2940469 1.2686676 1.2704961 1.3173277 1.1474873 1.2834102 1.2089726 1.2361321 1.2764728 1.4230022 1.4030767 1.1346681 1.1273018 1.1937119 6.0478254 0.8659363 0.8888265 1.7720363 0.7898100 1.7464128 1.7352275 1.9651899 1.4740904 1.7551247 1.9642895 1.9209312 1.7648836 3.7809155 3.7954326 3.6885056 3.8779302 3.7799265 3.7888017 3.6885056 3.6885056 4.2454751 3.6968633 3.6968633 4.2683113 4.1775825 3.6885056 4.2511337 3.8865823 4.5881830 4.3493657 4.5538630 4.3265740 4.7198025 
AKR1C1|NP_001344.2|Homo                                            1.4607269 1.4585561 1.4748928 1.4200190 1.1897589 1.1888095 1.2578288 1.2828387 1.2309356 1.1904233 1.3286260 1.2764038 1.2253299 1.2553371 1.1590615 1.3031419 1.2980291 1.3271273 1.3308076 1.2407889 0.0000000 0.0226137 0.1494457 0.2174444 0.2634574 0.3208779 0.3105623 0.4770656 0.4932870 0.7755127 0.7900611 0.3117091 0.5141101 0.5599747 0.5061533 0.4720930 0.5154764 0.5153012 0.4144611 0.4226781 0.3779519 0.4036472 0.5594838 0.2466164 0.5015393 0.2184612 0.3594286 0.3311989 0.3215360 0.2756529 0.3151138 0.3151917 0.2373048 0.3183917 0.5556646 0.5076735 0.8079670 0.7914475 0.8367173 5.1466073 1.2617433 1.3291133 1.9127619 1.2160160 1.7797548 2.0187091 1.8174368 1.5892423 1.5846585 2.1902174 1.8650509 1.6601110 3.8853646 3.8470948 3.7153700 3.9306840 3.8384033 3.8133917 3.7153700 3.7153700 3.8977237 3.7805189 3.7805189 4.0645135 3.8731196 3.7153700 3.9283329 3.9999796 4.5532414 4.3980015 4.3572960 4.2424563 4.7587017 
AKR1C2|NP_001345.1|Homo                                            1.4635238 1.4681548 1.4726661 1.4178481 1.1753874 1.1743026 1.2550490 1.2800959 1.2161150 1.1759025 1.2983087 1.2495231 1.1993784 1.2209955 1.1441706 1.2758207 1.2573694 1.3092482 1.2948364 1.2191980 0.0226137 0.0000000 0.1620126 0.2354851 0.2833407 0.3421990 0.3310173 0.4956369 0.5059769 0.7981327 0.8129287 0.3220059 0.5228751 0.5691408 0.5154996 0.4949165 0.5183318 0.5049004 0.4270001 0.4245067 0.3867448 0.3994943 0.5686518 0.2653382 0.5101735 0.2412207 0.3614842 0.3392203 0.3402537 0.2903681 0.3333198 0.3410317 0.2606594 0.3444720 0.5648104 0.5189041 0.8126003 0.7890559 0.8505468 5.1182930 1.2731218 1.3318704 1.8971366 1.2079396 1.7816203 2.0412261 1.7745835 1.6421838 1.5604784 2.2269687 1.8351461 1.6476402 3.7787616 3.7417538 3.6206556 3.8223907 3.7330674 3.7089294 3.6206556 3.6206556 3.7779122 3.6837063 3.6837063 3.9588691 3.7543013 3.6206556 3.8077831 3.8607038 4.5402987 4.3940706 4.4715222 4.2109575 4.7552115 
AKR1C3|NP_003730.4|Homo                                            1.5943288 1.5742868 1.6036373 1.5486851 1.2249590 1.2466669 1.2918251 1.3128008 1.2481806 1.2315295 1.3494402 1.3654371 1.2909290 1.2774452 1.1727945 1.3842720 1.3617711 1.3666577 1.3490296 1.3427235 0.1494457 0.1620126 0.0000000 0.2024826 0.3095572 0.3335618 0.3530284 0.4379758 0.4675615 0.7452295 0.7595316 0.3199194 0.5492117 0.6028520 0.4718061 0.4860487 0.5655991 0.5587750 0.3863360 0.4398589 0.3510063 0.4334866 0.6023723 0.3071213 0.5419997 0.2069282 0.3518447 0.3387393 0.3335268 0.2925351 0.3379758 0.3246630 0.2736483 0.3365035 0.5944582 0.5592484 0.8906027 0.8466085 0.9421625 5.3637345 1.2670773 1.3735790 1.9437828 1.2256583 1.8335326 2.0090027 1.7329557 1.6555458 1.6531712 2.1635480 1.9311088 1.7291702 3.9809216 3.9416302 3.7935153 4.0276538 3.9329658 3.9072410 3.7935153 3.7935153 3.9138594 3.8601425 3.8601425 4.0361535 3.9199231 3.7935153 3.9666587 4.0108626 4.7878985 4.4730988 4.5598614 4.2818083 4.8079574 
AKR1C4|P17516.3|Homo                                               1.4527170 1.4663876 1.4490475 1.3988281 1.1779411 1.2171789 1.2037845 1.2284090 1.2494600 1.1866631 1.2822756 1.2822725 1.2144651 1.2478314 1.1333623 1.2998222 1.2928471 1.3477497 1.3192885 1.2762273 0.2174444 0.2354851 0.2024826 0.0000000 0.2851068 0.3381759 0.3663604 0.4893716 0.4771780 0.7974143 0.8023159 0.3407423 0.5319464 0.5628179 0.4877485 0.4603313 0.5329506 0.5577840 0.4350310 0.4695225 0.4140170 0.4269158 0.5623291 0.2842194 0.5370208 0.0664546 0.3400469 0.3391017 0.3503360 0.3246567 0.3315742 0.3111174 0.2647528 0.3429236 0.5548212 0.5251926 0.8513178 0.8235730 0.8734035 5.2014339 1.2309166 1.2783279 1.8917887 1.2533225 1.8724130 2.0182674 1.9431856 1.5893290 1.6796348 2.1712993 1.8578040 1.7116295 3.7626206 3.7260918 3.6630089 3.8056471 3.7219605 3.6981128 3.6630089 3.6630089 3.8014870 3.7261973 3.7261973 4.0557620 3.7979773 3.6630089 3.8537647 3.9939725 4.5506313 4.5498362 4.3951975 4.3062279 4.8344808 
AKR1C5|P80508.1|Oryctolagus                                        1.5442364 1.5553162 1.5398265 1.5227890 1.0682263 1.1131622 1.1346528 1.1595162 1.1227797 1.1032272 1.2667229 1.2405008 1.2196773 1.1668299 1.1111994 1.2794870 1.2700571 1.2832664 1.2553723 1.1938110 0.2634574 0.2833407 0.3095572 0.2851068 0.0000000 0.2648494 0.3573475 0.4644425 0.4323031 0.7500959 0.7646008 0.3643695 0.5921724 0.6015958 0.4449977 0.4253653 0.5554380 0.5938760 0.4138453 0.4238783 0.3301863 0.4068746 0.6011150 0.2789861 0.5686451 0.2833332 0.2559635 0.2642701 0.2691317 0.1881714 0.2285481 0.2312657 0.1002558 0.3034270 0.6021160 0.5439098 0.7870839 0.8127020 0.8377574 5.3233362 1.2214489 1.2209468 1.9200988 1.1907000 1.8848911 1.9910866 1.9056888 1.4944804 1.7714278 2.0414554 1.9389313 1.7278483 3.6982782 3.7310467 3.6813088 3.8108663 3.7214416 3.7029879 3.6813088 3.6813088 3.9379657 3.7450916 3.7450916 4.1890320 3.8508897 3.6813088 3.9069339 4.0433049 4.3469382 4.3048496 4.2593333 4.0179757 4.4965406 
AKR1C6|NP_085114.1|Mus                                             1.5259205 1.4830069 1.5378713 1.5011037 1.1538129 1.1818617 1.1501736 1.1672773 1.1396570 1.1528308 1.3524710 1.4105952 1.3526958 1.2576168 1.1590059 1.4225649 1.3180334 1.2943129 1.3153930 1.3522288 0.3208779 0.3421990 0.3335618 0.3381759 0.2648494 0.0000000 0.4218602 0.4607414 0.4248904 0.7235201 0.7376526 0.4309808 0.5413218 0.5680824 0.4168197 0.4427911 0.5628188 0.5473139 0.4183196 0.4669849 0.1419543 0.3479171 0.5675920 0.3192979 0.5439737 0.3259377 0.3385850 0.3375726 0.3441411 0.3087536 0.3388551 0.3143320 0.2709264 0.3273773 0.5544515 0.5155400 0.7866844 0.8023467 0.8423467 5.1035505 1.1702709 1.1901330 1.8547625 1.1937279 1.7546437 1.9370188 1.8394262 1.6125915 1.6514489 1.9811862 1.7777504 1.7168755 3.9827261 4.0456009 3.9295387 4.1351521 4.0307283 4.0101338 3.9295387 3.9295387 3.9414349 3.9995422 3.9995422 4.1611986 3.8520398 3.9295387 3.8996245 4.0830975 4.4380394 4.2372646 4.4582351 4.1151205 4.6266460 
AKR1C7|P05980.3|Bos                                                1.5613813 1.5653705 1.5475033 1.5285541 1.1449656 1.1725361 1.2297773 1.2528660 1.2084988 1.1864075 1.2927708 1.3251632 1.2568853 1.2603603 1.2289442 1.3554849 1.2784411 1.3356172 1.3131285 1.2779785 0.3105623 0.3310173 0.3530284 0.3663604 0.3573475 0.4218602 0.0000000 0.5062201 0.4946896 0.7970771 0.7920684 0.1657455 0.5382950 0.5647558 0.5317002 0.4318467 0.5063878 0.5359574 0.4597554 0.5377562 0.4459572 0.4962611 0.5642656 0.3471546 0.5398426 0.4014572 0.3874085 0.3994333 0.3996194 0.3820743 0.3702896 0.3521652 0.3579877 0.4165552 0.5516484 0.5407005 0.8412689 0.8488645 0.8596747 5.2511784 1.2132763 1.2559285 1.8885337 1.2300238 1.6434483 2.1199721 1.8029893 1.4785187 1.6640042 2.0744311 1.7192133 1.6421683 4.1193935 4.0845527 3.8703608 4.1750336 4.0744135 4.0535875 3.8703608 3.8703608 3.8950123 3.9389906 3.9389906 4.1502765 3.8654708 3.8703608 3.9780890 4.1770889 4.8029757 4.4592404 4.5935678 4.2849177 4.7625674 
AKR1C8|P51652.1|Rattus                                             1.7022565 1.7069805 1.7029346 1.6781452 1.2938933 1.2978632 1.3432466 1.3533017 1.3157888 1.2833353 1.4590850 1.5076498 1.4267685 1.3990577 1.2703283 1.4503671 1.4926538 1.4383304 1.4442495 1.4640555 0.4770656 0.4956369 0.4379758 0.4893716 0.4644425 0.4607414 0.5062201 0.0000000 0.5444092 0.8502216 0.8676612 0.5528495 0.5839999 0.6197543 0.5175147 0.6536681 0.6162897 0.6238848 0.0642292 0.5585163 0.4950302 0.5132219 0.6192789 0.4347427 0.5959703 0.4917226 0.5082188 0.4693831 0.4709395 0.4564928 0.5150105 0.4678005 0.4556431 0.4595677 0.6022919 0.5893505 0.9354594 0.9994387 0.9794673 5.0158955 1.2930551 1.4280504 2.0127574 1.3303243 1.7754010 2.0393355 1.7807809 1.4870902 1.6999805 1.8905084 1.7711840 1.6422108 4.3070721 4.2488116 4.0692478 4.3464098 4.2309780 4.2118223 4.0692478 4.0692478 4.2756262 4.1263328 4.1263328 4.4146548 4.2598089 4.0692478 4.2911381 3.9753766 4.8513509 4.8491306 5.0830741 4.7050960 5.0886668 
AKR1C9|P23457.1|Rattus                                             1.7265222 1.7289174 1.7636627 1.7142098 1.3472835 1.3627201 1.3600911 1.3862376 1.3959665 1.4279243 1.4687180 1.5111643 1.4293843 1.4123821 1.4106453 1.5330663 1.4022920 1.4401762 1.4139522 1.4226702 0.4932870 0.5059769 0.4675615 0.4771780 0.4323031 0.4248904 0.4946896 0.5444092 0.0000000 0.9307764 0.9400829 0.5058058 0.6032491 0.6317988 0.1477462 0.6222961 0.5911642 0.6216136 0.5090018 0.5584391 0.4842392 0.5215289 0.6313181 0.4785470 0.6322553 0.4712839 0.4869374 0.4453758 0.4831683 0.4454115 0.5187072 0.4883653 0.4251446 0.4247781 0.6271549 0.5769480 0.9448302 1.0189297 0.9712884 5.7989344 1.3669935 1.4268699 2.0419514 1.3642175 1.8115724 2.0506656 2.1182445 1.6548306 1.8356275 2.0362296 1.9538266 1.6852090 3.9591279 3.9160219 4.1169257 4.0004448 3.8695624 3.8503001 4.1169257 4.1169257 4.0873719 4.0977724 4.0977724 4.6342789 4.1046879 4.1169257 4.2356618 4.3425474 5.3288011 4.9665324 5.2298357 4.7124731 5.3064404 
AKR1C10a|P02532.3|Rana                                             1.6224083 1.6009622 1.6813090 1.7058854 1.2676933 1.2913059 1.2720698 1.2755643 1.3323811 1.2343423 1.4064610 1.4210536 1.3882343 1.3863537 1.3498619 1.4644214 1.4851422 1.4377616 1.4674807 1.4366013 0.7755127 0.7981327 0.7452295 0.7974143 0.7500959 0.7235201 0.7970771 0.8502216 0.9307764 0.0000000 0.0222763 0.8404185 0.8940512 0.9411228 0.9292692 0.8484585 0.9674499 1.0041550 0.7822879 0.8136136 0.7119657 0.8129897 0.9407150 0.7827035 0.8791994 0.8302391 0.7260419 0.7375566 0.7583134 0.6837777 0.7400070 0.7174984 0.7684500 0.7774651 0.9111686 0.8710374 1.0010647 0.9907990 1.0016135 5.7443471 1.4119353 1.4324487 2.4140059 1.4556092 1.8970166 2.2283873 2.1803647 1.9544238 2.0608650 2.3483093 2.0613071 2.1008934 4.1134254 4.1584271 3.9391554 4.2526320 4.1185209 4.1051457 3.9391554 3.9391554 4.0358133 3.9770764 3.9770764 4.4263238 4.0465486 3.9391554 4.0515331 4.8714988 4.9358256 4.8273990 5.0186333 4.7442425 5.2013684 
AKR1C10b|P17264.2|Rana                                             1.6432036 1.6214425 1.7025211 1.7206020 1.2407580 1.2443761 1.2455396 1.2489872 1.2963708 1.2046395 1.3820647 1.3897274 1.3675663 1.3608147 1.3173738 1.4324715 1.4598211 1.4115714 1.4423222 1.4051519 0.7900611 0.8129287 0.7595316 0.8023159 0.7646008 0.7376526 0.7920684 0.8676612 0.9400829 0.0222763 0.0000000 0.8353499 0.9088304 0.9562699 0.9524787 0.8414518 0.9902434 1.0199202 0.8003090 0.8223364 0.7348350 0.8282120 0.9558667 0.7753627 0.8939850 0.8352454 0.7459827 0.7615524 0.7827997 0.6975458 0.7601733 0.7372601 0.7830713 0.7833474 0.9292210 0.8855182 1.0210572 0.9957439 1.0271927 5.7248634 1.4166845 1.4242343 2.3572021 1.4408039 1.8953213 2.2459064 2.1736704 1.9216374 2.0605212 2.2999672 2.0547224 2.1232969 4.1731994 4.2192933 4.0193740 4.3159062 4.1786613 4.1649483 4.0193740 4.0193740 4.1820458 4.0585309 4.0585309 4.5369069 4.1471549 4.0193740 4.1842426 4.9212680 4.9398964 4.7443661 4.9643092 4.6942323 5.1455430 
AKR1C11|BAA13690.1|Bos                                             1.5397075 1.5445636 1.5317706 1.4851545 1.1722963 1.1864424 1.2432362 1.2638554 1.2062716 1.1888744 1.3422810 1.2946107 1.2494979 1.2267129 1.1756093 1.3260381 1.3081541 1.4012921 1.3226476 1.3023247 0.3117091 0.3220059 0.3199194 0.3407423 0.3643695 0.4309808 0.1657455 0.5528495 0.5058058 0.8404185 0.8353499 0.0000000 0.5798075 0.5592256 0.5377473 0.4256871 0.5199235 0.5487296 0.4984901 0.5107746 0.4226618 0.4798428 0.5587357 0.3282645 0.5694433 0.3638016 0.3848989 0.4299378 0.4272478 0.3922618 0.4014597 0.3843075 0.3630316 0.4540916 0.5906692 0.5658790 0.8067988 0.8000489 0.8133883 5.6535970 1.2418175 1.3085904 1.8410578 1.2043020 1.6916114 2.0018138 1.8707712 1.6163689 1.6507214 2.1121542 1.7520308 1.5879543 4.0853640 4.0510431 4.0444771 4.1400685 4.0409991 4.0204981 4.0444771 4.0444771 3.8544622 4.1170511 4.1170511 4.2354609 3.8087312 4.0444771 3.9169536 4.0439937 4.8919465 4.6709809 4.6873327 4.4265742 4.9976262 
AKR1C12|NP_038805.2|Mus                                            1.6159868 1.5959763 1.6131133 1.6175531 1.3079579 1.2663178 1.2869485 1.2968231 1.2858373 1.2482744 1.4125694 1.3764498 1.3087856 1.3777918 1.2508794 1.3896643 1.3674853 1.4771170 1.3975413 1.3592669 0.5141101 0.5228751 0.5492117 0.5319464 0.5921724 0.5413218 0.5382950 0.5839999 0.6032491 0.8940512 0.9088304 0.5798075 0.0000000 0.0683384 0.6151618 0.6537307 0.1307889 0.1740118 0.5459669 0.3946787 0.6196766 0.6016233 0.0719032 0.5459461 0.1024159 0.5172293 0.4951451 0.4854583 0.5323517 0.5349773 0.5434640 0.5446922 0.5525635 0.5702811 0.1774594 0.1941794 1.0637968 1.0876048 1.1040048 5.3963236 1.2706100 1.3110688 1.9476746 1.3706561 1.7258110 2.1502595 1.8673576 1.5609336 1.7934131 1.7693679 1.7907525 1.6386751 4.0042712 4.0498076 4.0674632 4.1407875 3.9957576 4.0147244 4.0674632 4.0674632 3.9727628 4.1414738 4.1414738 4.2133033 4.0454053 4.0674632 4.0990104 4.2081849 4.4851312 4.3987213 4.4232806 4.2137548 4.7739460 
AKR1C13|NP_038806.2|Mus                                            1.5291851 1.5104424 1.5319007 1.5389323 1.3275962 1.2856457 1.3148620 1.3248784 1.3154810 1.3040804 1.4087929 1.3564027 1.2858365 1.3515087 1.2448853 1.3486238 1.3601901 1.4573719 1.3801665 1.4021103 0.5599747 0.5691408 0.6028520 0.5628179 0.6015958 0.5680824 0.5647558 0.6197543 0.6317988 0.9411228 0.9562699 0.5592256 0.0683384 0.0000000 0.6380128 0.6608513 0.1061542 0.1647631 0.5528288 0.4018736 0.6049941 0.5896647 0.0031745 0.5545729 0.1456409 0.5486478 0.4786999 0.4951780 0.5421988 0.5475044 0.5691519 0.5765292 0.5631056 0.6187334 0.1732722 0.1849707 1.0870423 1.1006426 1.1212997 5.4553398 1.2980295 1.3278691 1.9206583 1.3602837 1.7622863 2.0953199 1.8647952 1.5538468 1.7706452 1.7790330 1.8113179 1.6523218 4.1557257 4.2033916 4.2209977 4.2992939 4.1472945 4.1668966 4.2209977 4.2209977 4.0452567 4.2987215 4.2987215 4.4166277 4.1191286 4.2209977 4.1739507 4.0904428 4.7376446 4.6352876 4.6751792 4.4285468 5.0264688 
AKR1C14|NP_598833.1|Mus                                            1.7075532 1.7060364 1.7711522 1.7423947 1.3157041 1.3502757 1.3485778 1.3752017 1.3757138 1.3860235 1.5411510 1.5261894 1.4352805 1.4284528 1.3507900 1.5695437 1.4514232 1.5519968 1.4799521 1.4372229 0.5061533 0.5154996 0.4718061 0.4877485 0.4449977 0.4168197 0.5317002 0.5175147 0.1477462 0.9292692 0.9524787 0.5377473 0.6151618 0.6380128 0.0000000 0.6709082 0.6009446 0.6176181 0.4766428 0.5316664 0.4646617 0.4796630 0.6375358 0.4624509 0.6421934 0.4930529 0.4714137 0.4481042 0.4858060 0.4279336 0.5167542 0.4978652 0.4427714 0.4384317 0.6284653 0.6001199 0.9480666 1.0323357 1.0040756 5.6204869 1.3577970 1.4216110 2.0295657 1.4078664 1.8911848 2.0315543 2.2397613 1.7136604 1.9063820 2.0991001 2.0132844 1.7330365 4.0539521 4.0494572 4.0562093 4.1380826 4.0176831 3.9974494 4.0562093 4.0562093 4.0625288 4.0080247 4.0080247 4.6044483 4.0841148 4.0562093 4.2357538 4.3612033 5.1445232 4.8011928 5.1269980 4.4726528 5.0465179 
AKR1C15|2008147B|Rattus                                            1.6098440 1.6221699 1.5839434 1.5597785 1.1279056 1.1576547 1.1752579 1.1714408 1.1692380 1.1316289 1.3149190 1.3241458 1.2521404 1.1839144 1.1391816 1.3595163 1.2990857 1.2834789 1.3390984 1.1876993 0.4720930 0.4949165 0.4860487 0.4603313 0.4253653 0.4427911 0.4318467 0.6536681 0.6222961 0.8484585 0.8414518 0.4256871 0.6537307 0.6608513 0.6709082 0.0000000 0.6599061 0.6605772 0.6161441 0.6506160 0.4876213 0.6173140 0.6603784 0.4992462 0.6722406 0.4795864 0.4549065 0.5146761 0.5229725 0.4417935 0.4677926 0.4472171 0.4411208 0.5024833 0.7159919 0.7172252 0.8952770 0.9139764 0.9175262 5.3946476 1.2963563 1.2851837 1.8964109 1.1830132 1.6658977 2.0331899 1.9183580 1.5834652 1.7977052 1.8978604 1.7974838 1.7614969 3.8389574 3.8069027 3.6682029 3.8893970 3.7461976 3.7275487 3.6682029 3.6682029 3.6740009 3.7318449 3.7318449 3.7640195 3.6304968 3.6682029 3.7056060 4.1238036 4.6929165 4.5103390 4.5874826 4.4101288 4.8825624 
AKR1C16|2008147A|Rattus                                            1.6223128 1.5943673 1.6191349 1.5908366 1.3538565 1.2757001 1.3124195 1.3198213 1.3099361 1.2938970 1.3487484 1.3633919 1.3164455 1.2925965 1.2155259 1.3554791 1.3454857 1.4040280 1.3365984 1.3593209 0.5154764 0.5183318 0.5655991 0.5329506 0.5554380 0.5628188 0.5063878 0.6162897 0.5911642 0.9674499 0.9902434 0.5199235 0.1307889 0.1061542 0.6009446 0.6599061 0.0000000 0.0837982 0.5541969 0.4055528 0.6041114 0.6071057 0.1098173 0.5070045 0.1097777 0.5391001 0.4763405 0.4937917 0.5418957 0.4978391 0.5380087 0.5586798 0.5239291 0.5666241 0.1768733 0.1907337 1.1060069 1.1110281 1.0907011 5.3646769 1.3119113 1.3286286 1.9146119 1.3385698 1.8328058 2.0444043 1.8820982 1.5787734 1.8127335 1.8069144 1.7813818 1.5201756 4.1011103 4.1483969 4.3043801 4.2433235 4.0926194 4.1121259 4.3043801 4.3043801 4.1676005 4.3043801 4.3043801 4.4636042 4.2447273 4.3043801 4.3024962 4.2512238 4.8228721 4.6471583 4.7991693 4.6659951 5.1147470 
AKR1C17|2008147C|Rattus                                            1.6739414 1.6480773 1.6639375 1.6351893 1.4261476 1.3381094 1.3719838 1.3795947 1.3857682 1.3804383 1.4077308 1.4418831 1.3823681 1.3873912 1.2608386 1.4591615 1.3756431 1.4633192 1.3711877 1.4324003 0.5153012 0.5049004 0.5587750 0.5577840 0.5938760 0.5473139 0.5359574 0.6238848 0.6216136 1.0041550 1.0199202 0.5487296 0.1740118 0.1647631 0.6176181 0.6605772 0.0837982 0.0000000 0.5675455 0.4548006 0.5778174 0.5811347 0.1686442 0.5286663 0.1401719 0.5517324 0.5019867 0.5110473 0.5593942 0.5333431 0.5660730 0.5833330 0.5483191 0.5825120 0.2288831 0.2207748 1.1704994 1.1784312 1.1532676 5.3928419 1.3525564 1.3781669 1.9809091 1.4605773 1.9174908 2.0743536 1.8853769 1.6550099 1.7891501 1.8793580 1.8380854 1.5177577 4.0267124 4.0723548 4.0328620 4.1636304 4.0182480 4.0372232 4.0328620 4.0328620 3.8905943 4.1055472 4.1055472 4.1782692 3.9622100 4.0328620 4.0147143 4.0073013 4.9433358 4.6524739 4.8758976 4.6100260 5.1125987 
AKR1C18|NP_001333464.1|Mus                                         1.6324026 1.6343582 1.6240755 1.5969088 1.2413894 1.2690224 1.3260802 1.3411077 1.2854827 1.2549214 1.4684560 1.5135650 1.4455871 1.4110070 1.2962234 1.4669798 1.4871537 1.4345434 1.4296830 1.4259332 0.4144611 0.4270001 0.3863360 0.4350310 0.4138453 0.4183196 0.4597554 0.0642292 0.5090018 0.7822879 0.8003090 0.4984901 0.5459669 0.5528288 0.4766428 0.6161441 0.5541969 0.5675455 0.0000000 0.5493673 0.4485029 0.4446034 0.5522932 0.4016672 0.5431913 0.4380620 0.4708403 0.4035674 0.4113758 0.4081867 0.4497943 0.4093943 0.3959710 0.4206609 0.5582393 0.5339833 0.8903792 0.9481848 0.9337333 5.0963310 1.2858280 1.3896432 1.8900330 1.3102761 1.8133542 1.9817472 1.7664446 1.4558663 1.7151716 1.8498983 1.8187936 1.6176783 4.2534348 4.1942068 4.0631708 4.2932123 4.2006472 4.1565355 4.0631708 4.0631708 4.1368853 4.1219902 4.1219902 4.3040896 4.1578917 4.0631708 4.1838194 3.9670585 4.8160172 4.7701254 5.0459178 4.7259452 5.0580135 
AKR1C19|NP_001013807.2|Mus                                         1.6288457 1.6103157 1.5974551 1.5699913 1.2243885 1.2492179 1.2758935 1.2816441 1.2449839 1.2649236 1.3853558 1.3534826 1.3733138 1.2682312 1.1771270 1.3464949 1.3660807 1.4312757 1.3920457 1.3806197 0.4226781 0.4245067 0.4398589 0.4695225 0.4238783 0.4669849 0.5377562 0.5585163 0.5584391 0.8136136 0.8223364 0.5107746 0.3946787 0.4018736 0.5316664 0.6506160 0.4055528 0.4548006 0.5493673 0.0000000 0.4838687 0.5115951 0.4026959 0.4693650 0.4185524 0.4673919 0.4197230 0.4546653 0.4965285 0.3877937 0.4952632 0.4952843 0.4120541 0.4855677 0.4425024 0.4303546 0.9960517 0.9708678 1.0456840 5.3077320 1.2710596 1.2707592 1.9562538 1.2587317 1.6763677 2.0530807 1.9000219 1.5073499 1.7238123 2.0065753 1.7429582 1.6068978 3.7851793 3.8283615 3.8624893 3.9115414 3.7764522 3.7947732 3.8624893 3.8624893 3.9602107 3.9320765 3.9320765 4.4146301 3.9699993 3.8624893 4.0113286 4.1199296 4.3295983 4.2713867 4.4916337 4.0560235 4.4971740 
