39
AKR3F1|Q9X265|Thermotoga                                            0.0000000 1.6349325 1.6116040 2.0834144 2.1972108 2.1021327 2.0704700 2.1891309 2.0548796 2.0551002 1.7200364 1.6118097 1.6744511 1.5305127 2.4145042 1.5680679 3.0520768 2.7983641 1.6077742 1.7140711 1.9842136 1.6079099 2.3301268 1.9458558 1.9489304 1.9772005 1.8589375 1.9920715 2.0884943 2.7612026 1.8560222 2.1008833 2.2461906 2.0188995 1.8163207 1.8685673 2.9383763 2.6691139 1.8194487 
AKR3F2|P30863.2|Escherichia                                         1.6349325 0.0000000 1.3321966 1.8583006 1.3489973 1.4552179 1.5144415 1.7665852 1.6385912 1.7063335 1.4995579 1.4846440 1.3876655 1.3997318 1.6903441 2.2723851 3.1239001 3.1129427 2.2003646 2.4979110 2.3709729 1.9282058 2.5251455 2.7968654 2.3738546 2.7835326 2.7234143 3.0655286 3.1422121 2.8033738 2.5747826 2.6848804 3.1181645 2.5192352 2.7669196 2.6533974 3.7339331 2.7510299 2.6586822 
AKR3G1|P74308.1|Synechocystis|Bacteria|Cyanophyceae|Synechococcales 1.6116040 1.3321966 0.0000000 1.5474851 1.3797655 1.6201775 1.5613014 1.6967359 1.6932005 1.6096887 1.4107145 1.4464055 1.3782201 1.3882042 1.4784461 2.2466127 3.3445038 3.1853867 2.4683555 2.7468579 2.6841570 2.1675763 2.8657957 3.2578734 2.3690455 2.8338292 2.7905170 2.7527947 2.8281163 2.4966956 2.5913328 2.6465376 2.8644140 2.7466222 2.4006190 2.4785503 3.4678502 2.7047637 2.4278571 
AKR5B1|Q02198.3|Pseudomonas                                         2.0834144 1.8583006 1.5474851 0.0000000 1.2264628 1.1629543 1.1636348 1.4340838 1.3721913 1.1189432 1.0702919 1.0760723 1.0058845 0.9787417 1.0760466 2.7889937 4.1673847 3.6425384 2.6119695 2.9529071 2.6257051 2.5569523 2.5956238 3.2441744 2.5427966 2.7956508 3.0140218 3.1064299 3.0318396 2.8278753 2.9703853 3.0476782 3.2649991 2.9178527 2.7269815 2.9045124 3.3804198 3.2354212 2.7345033 
AKR5C1|AAA83534.1|Corynebacterium                                   2.1972108 1.3489973 1.3797655 1.2264628 0.0000000 0.9416981 0.9970999 1.3554556 1.2492776 1.2292506 1.1582481 1.2110254 1.1786655 1.1248823 1.0758277 2.8664661 3.6338437 3.4056511 2.8279494 2.9801336 2.9666733 2.5162562 2.7564616 2.9466639 2.6896024 2.6917215 2.8683204 2.9442343 3.0834367 3.1504733 2.6243592 2.6409160 3.1240327 2.9974890 3.0111085 3.2470851 3.7104245 3.2621126 2.8892112 
AKR5C2|Q46857.3|Escherichia                                         2.1021327 1.4552179 1.6201775 1.1629543 0.9416981 0.0000000 0.8493788 1.2408137 1.2548996 1.2189730 1.0236237 1.0311290 0.9874912 0.8957134 1.1869046 2.5482362 3.4166100 3.2780441 2.5652406 2.6716549 2.5474057 2.3218920 2.6169342 2.7374301 2.4038547 2.6892961 2.9368431 3.0808619 3.3121703 2.8830787 3.0844800 3.0004574 2.7800927 2.7818288 2.9132710 2.9018964 3.9368247 3.0527821 2.7837699 
AKR5C3|AAW60421.1|Gluconobacter                                     2.0704700 1.5144415 1.5613014 1.1636348 0.9970999 0.8493788 0.0000000 1.3521634 1.4167295 1.5510186 1.0345486 1.1428020 1.0286132 1.0024690 1.2313859 2.8395572 3.8709749 3.7736620 2.4880814 2.6438974 2.9046506 2.3856860 2.4299236 2.9514796 2.8067970 2.5020008 3.0117367 3.1604344 3.5325106 3.1501872 2.7866703 3.2416366 3.4667433 2.8672788 3.1987280 3.1701816 3.5473935 3.2875198 2.9529654 
AKR5D1|P15339.3|Corynebacterium                                     2.1891309 1.7665852 1.6967359 1.4340838 1.3554556 1.2408137 1.3521634 0.0000000 0.9590990 1.6441881 1.5605196 1.6096815 1.4488855 1.3914162 1.1970791 2.8012016 4.0813820 3.9078987 2.9444042 2.6411166 2.8285387 2.5418621 2.7492575 3.0614739 2.8051447 2.7677454 3.0539706 3.2849881 3.5684411 3.0933989 3.1154835 3.4799896 3.6287910 3.1749704 3.1980843 3.1465964 3.5910875 3.0369371 2.7064593 
AKR5E1|AAD42404.1|Zymomonas                                         2.0548796 1.6385912 1.6932005 1.3721913 1.2492776 1.2548996 1.4167295 0.9590990 0.0000000 1.3591868 1.2821181 1.4570579 1.3951582 1.4543314 1.3300841 2.9622256 4.1750122 3.8547708 2.3746444 2.8089047 2.6527425 2.5479292 2.6974580 3.1306277 2.5057537 2.6750590 3.4217263 3.7244482 3.9764678 3.2266749 3.2638410 3.3830102 3.5635215 2.8880570 3.5074784 3.4011752 3.9269153 3.1454006 3.0149846 
AKR5F1|ABB80491.1|Klebsiella                                        2.0551002 1.7063335 1.6096887 1.1189432 1.2292506 1.2189730 1.5510186 1.6441881 1.3591868 0.0000000 1.0428399 1.0677484 1.1004718 1.1057527 1.2984413 2.4793863 4.2166010 3.7591980 2.4904523 2.4731542 2.2861369 2.4598220 2.6491212 2.5819643 2.5449203 2.4764934 3.1399583 3.2669817 3.2835978 2.3912657 2.8371067 2.9043380 3.2155531 2.8210245 2.7085640 2.9480546 3.4347184 2.5973560 2.5701031 
AKR5G1|NP_391220.1|Bacillus                                         1.7200364 1.4995579 1.4107145 1.0702919 1.1582481 1.0236237 1.0345486 1.5605196 1.2821181 1.0428399 0.0000000 0.3739525 0.3290096 0.4747818 1.2118780 2.3790120 3.8593631 3.7758502 1.9571109 2.2791210 2.3560814 1.8813126 2.1294423 2.6895844 2.1581676 2.3041390 2.7095356 2.9513501 3.0052294 2.7378117 2.9400582 2.8791522 2.8735732 2.7019469 2.8647593 2.8027442 3.2054990 3.0784518 2.8808356 
AKR5G2|NP_390783.1|Bacillus                                         1.6118097 1.4846440 1.4464055 1.0760723 1.2110254 1.0311290 1.1428020 1.6096815 1.4570579 1.0677484 0.3739525 0.0000000 0.4105801 0.4550626 1.3066710 2.2739871 3.8384678 3.7245099 2.1212624 2.3230652 2.2792108 1.8667574 2.4681911 2.6785820 2.4364403 2.4042381 2.8034100 2.8267327 2.8530039 2.5280335 2.9867641 2.8670497 2.8236286 2.6702106 2.8671084 2.7345681 3.0048479 2.7243121 2.6583491 
AKR5G3|ALM30349.1|Priestia                                          1.6744511 1.3876655 1.3782201 1.0058845 1.1786655 0.9874912 1.0286132 1.4488855 1.3951582 1.1004718 0.3290096 0.4105801 0.0000000 0.4077742 1.1868007 2.3911917 3.6780688 3.6118098 2.2255384 2.2422394 2.3285005 1.8950240 2.3101227 2.6876187 2.2839316 2.3093034 2.7546744 2.9420413 3.0738221 2.5468294 2.7489765 2.9255601 2.7740213 2.6196565 2.8060913 2.6593651 3.2301409 2.7372755 2.6698383 
AKR5G4|WP_003252716.1|Parageobacillus                               1.5305127 1.3997318 1.3882042 0.9787417 1.1248823 0.8957134 1.0024690 1.3914162 1.4543314 1.1057527 0.4747818 0.4550626 0.4077742 0.0000000 1.2236604 2.2192831 3.8378571 3.6982976 2.1964180 2.2276204 2.2620590 1.9679828 2.2617064 2.5003758 2.3828431 2.2406181 2.5684256 2.7102501 2.9153826 2.4859575 2.8661437 2.6263171 2.8566488 2.5992166 2.6046823 2.4281947 2.8903136 2.9337119 2.8022160 
AKR5H1|A0QV09.1|Mycobacterium                                       2.4145042 1.6903441 1.4784461 1.0760466 1.0758277 1.1869046 1.2313859 1.1970791 1.3300841 1.2984413 1.2118780 1.3066710 1.1868007 1.2236604 0.0000000 3.3168225 3.2157900 3.4450438 2.7491123 2.6603194 2.5647516 2.4296850 2.1883719 2.9763107 2.4811700 2.4495120 3.0150472 3.1596049 3.0105487 2.7906964 2.5981951 2.9279412 3.2987364 2.8600253 3.1484887 3.2691042 3.7724748 3.0619291 2.7601449 
AKR6D1|WP_013401030.1|Geobacillus                                   1.5680679 2.2723851 2.2466127 2.7889937 2.8664661 2.5482362 2.8395572 2.8012016 2.9622256 2.4793863 2.3790120 2.2739871 2.3911917 2.2192831 3.3168225 0.0000000 3.4400359 3.2778679 1.8371327 1.8921721 1.6848920 1.5623936 2.1585633 1.9611722 1.8377654 1.9167435 1.7737225 1.6305774 1.7220601 2.8010645 2.0907901 2.2451383 1.9903980 1.8798595 1.4467333 1.3914149 2.3959557 2.7495444 2.0580136 
AKR10A1|AAD28516.1|Streptomyces                                     3.0520768 3.1239001 3.3445038 4.1673847 3.6338437 3.4166100 3.8709749 4.0813820 4.1750122 4.2166010 3.8593631 3.8384678 3.6780688 3.8378571 3.2157900 3.4400359 0.0000000 0.3529071 3.0670661 3.1781094 3.4615718 2.9573442 3.1957825 3.7614390 2.7458194 3.1546524 3.4503848 3.4982542 3.8479232 3.3188220 3.1258762 3.2685103 3.0605463 3.2660722 3.6845323 3.5604319 3.5914827 3.8914186 2.9549833 
AKR10A2|CAA07384.1|Streptomyces                                     2.7983641 3.1129427 3.1853867 3.6425384 3.4056511 3.2780441 3.7736620 3.9078987 3.8547708 3.7591980 3.7758502 3.7245099 3.6118098 3.6982976 3.4450438 3.2778679 0.3529071 0.0000000 2.8914136 3.3271976 3.2449285 2.9780523 3.0888262 3.6456721 2.6725090 3.1035366 3.2823637 3.5075205 3.6847467 3.3432135 3.0497260 3.3220441 3.2467884 3.3139714 3.4715887 3.2290591 3.5214155 4.0007936 3.1948955 
AKR11A1|P46336.1|Bacillus                                           1.6077742 2.2003646 2.4683555 2.6119695 2.8279494 2.5652406 2.4880814 2.9444042 2.3746444 2.4904523 1.9571109 2.1212624 2.2255384 2.1964180 2.7491123 1.8371327 3.0670661 2.8914136 0.0000000 1.4981172 1.8099737 1.5987209 1.8883038 1.9283829 0.5264740 1.8360589 2.2637184 2.3278581 2.2350552 2.7518095 1.8743776 2.1440792 2.0180735 1.8975066 2.1385805 2.3636886 2.2474829 3.1468520 2.0970743 
AKR11B1|P80874.2|Bacillus                                           1.7140711 2.4979110 2.7468579 2.9529071 2.9801336 2.6716549 2.6438974 2.6411166 2.8089047 2.4731542 2.2791210 2.3230652 2.2422394 2.2276204 2.6603194 1.8921721 3.1781094 3.3271976 1.4981172 0.0000000 1.6023461 1.4130884 0.7449924 2.2586990 1.5500539 0.6560875 2.1604216 2.2226438 2.3431481 2.3101734 2.1608217 2.2257563 2.2401202 2.1378938 2.3071677 2.3277690 3.1230451 2.8481548 1.8458264 
AKR11B2|P77256.1|Escherichia                                        1.9842136 2.3709729 2.6841570 2.6257051 2.9666733 2.5474057 2.9046506 2.8285387 2.6527425 2.2861369 2.3560814 2.2792108 2.3285005 2.2620590 2.5647516 1.6848920 3.4615718 3.2449285 1.8099737 1.6023461 0.0000000 1.5759501 1.8249706 1.9715695 1.9111517 1.6787623 2.3594286 2.4455559 2.5069831 2.7719548 2.1648107 2.4913296 2.1842443 2.2043251 2.6517061 2.3768882 2.6112074 3.3992308 2.4885277 
AKR11B3|ABC69170.1|Synechococcus                                    1.6079099 1.9282058 2.1675763 2.5569523 2.5162562 2.3218920 2.3856860 2.5418621 2.5479292 2.4598220 1.8813126 1.8667574 1.8950240 1.9679828 2.4296850 1.5623936 2.9573442 2.9780523 1.5987209 1.4130884 1.5759501 0.0000000 1.7108254 2.0537330 1.5324664 1.6646506 1.9319284 2.0901770 2.1130604 2.2373205 2.4174551 2.5040771 1.9923612 2.0118447 2.2548048 2.4362947 2.7523528 2.6014236 2.2424164 
AKR11B4|WP_011253139.1|Gluconobacter                                2.3301268 2.5251455 2.8657957 2.5956238 2.7564616 2.6169342 2.4299236 2.7492575 2.6974580 2.6491212 2.1294423 2.4681911 2.3101227 2.2617064 2.1883719 2.1585633 3.1957825 3.0888262 1.8883038 0.7449924 1.8249706 1.7108254 0.0000000 2.4597262 1.7082004 0.6003073 2.1782999 2.1886512 2.3620945 2.6873258 2.2892931 2.2952898 2.0508474 2.1143253 2.8496141 2.8550148 2.8463733 3.1031816 2.1449522 
AKR11C1|Q9KE47|Bacillus                                             1.9458558 2.7968654 3.2578734 3.2441744 2.9466639 2.7374301 2.9514796 3.0614739 3.1306277 2.5819643 2.6895844 2.6785820 2.6876187 2.5003758 2.9763107 1.9611722 3.7614390 3.6456721 1.9283829 2.2586990 1.9715695 2.0537330 2.4597262 0.0000000 1.8891501 2.3129547 2.3077835 2.4240524 2.3736500 3.2270076 2.5080683 2.4599222 2.3932140 2.3880692 2.6191603 2.6470256 2.7938996 3.2314211 2.2543343 
AKR11D1|ALM30350.1|Bacillus                                         1.9489304 2.3738546 2.3690455 2.5427966 2.6896024 2.4038547 2.8067970 2.8051447 2.5057537 2.5449203 2.1581676 2.4364403 2.2839316 2.3828431 2.4811700 1.8377654 2.7458194 2.6725090 0.5264740 1.5500539 1.9111517 1.5324664 1.7082004 1.8891501 0.0000000 1.5961668 2.1031317 2.1329916 2.0922581 2.7475628 1.9039225 1.8427935 1.8616566 1.7437247 2.2242706 2.2605736 2.4036952 3.0870702 1.8208029 
AKR11E1|NP_249818.1|Pseudomonas                                     1.9772005 2.7835326 2.8338292 2.7956508 2.6917215 2.6892961 2.5020008 2.7677454 2.6750590 2.4764934 2.3041390 2.4042381 2.3093034 2.2406181 2.4495120 1.9167435 3.1546524 3.1035366 1.8360589 0.6560875 1.6787623 1.6646506 0.6003073 2.3129547 1.5961668 0.0000000 2.0105722 1.9472199 2.0717901 2.1504900 2.3772454 1.9981158 2.2580600 2.1650189 2.3446213 2.4394468 2.7708847 2.6626435 2.0343737 
AKR12A1|AAD41821.1|Streptomyces                                     1.8589375 2.7234143 2.7905170 3.0140218 2.8683204 2.9368431 3.0117367 3.0539706 3.4217263 3.1399583 2.7095356 2.8034100 2.7546744 2.5684256 3.0150472 1.7737225 3.4503848 3.2823637 2.2637184 2.1604216 2.3594286 1.9319284 2.1782999 2.3077835 2.1031317 2.0105722 0.0000000 0.3617802 0.6572417 2.1942271 2.5673993 2.2740297 2.5822995 2.3167046 2.4313186 2.3943664 3.0846441 2.6561961 2.6165553 
AKR12B1|AAB84068.1|Saccharopolyspora                                1.9920715 3.0655286 2.7527947 3.1064299 2.9442343 3.0808619 3.1604344 3.2849881 3.7244482 3.2669817 2.9513501 2.8267327 2.9420413 2.7102501 3.1596049 1.6305774 3.4982542 3.5075205 2.3278581 2.2226438 2.4455559 2.0901770 2.1886512 2.4240524 2.1329916 1.9472199 0.3617802 0.0000000 0.6196303 2.2225136 2.6228375 2.3156593 2.5059095 2.2847613 2.2641651 2.3539598 2.9073312 2.7222189 2.8272508 
AKR12C1|BAA84599.1|Streptomyces                                     2.0884943 3.1422121 2.8281163 3.0318396 3.0834367 3.3121703 3.5325106 3.5684411 3.9764678 3.2835978 3.0052294 2.8530039 3.0738221 2.9153826 3.0105487 1.7220601 3.8479232 3.6847467 2.2350552 2.3431481 2.5069831 2.1130604 2.3620945 2.3736500 2.0922581 2.0717901 0.6572417 0.6196303 0.0000000 2.3163545 2.6308377 2.5558212 2.3451704 2.5623621 2.3825851 2.4954626 2.8810581 3.2750592 2.9286072 
AKR12D1|AAK90112.1|Agrobacterium                                    2.7612026 2.8033738 2.4966956 2.8278753 3.1504733 2.8830787 3.1501872 3.0933989 3.2266749 2.3912657 2.7378117 2.5280335 2.5468294 2.4859575 2.7906964 2.8010645 3.3188220 3.3432135 2.7518095 2.3101734 2.7719548 2.2373205 2.6873258 3.2270076 2.7475628 2.1504900 2.1942271 2.2225136 2.3163545 0.0000000 2.8000334 2.6380054 2.6175848 2.5882602 2.8554408 2.6468438 3.2272432 1.3060820 2.7783084 
AKR13A1|Q09923.1|Schizosaccharomyces                                1.8560222 2.5747826 2.5913328 2.9703853 2.6243592 3.0844800 2.7866703 3.1154835 3.2638410 2.8371067 2.9400582 2.9867641 2.7489765 2.8661437 2.5981951 2.0907901 3.1258762 3.0497260 1.8743776 2.1608217 2.1648107 2.4174551 2.2892931 2.5080683 1.9039225 2.3772454 2.5673993 2.6228375 2.6308377 2.8000334 0.0000000 1.9497521 1.7719749 1.3831622 2.3220639 2.2971274 3.2548441 3.3631529 1.8792389 
AKR13B1|AAF84538.1|Xylella                                          2.1008833 2.6848804 2.6465376 3.0476782 2.6409160 3.0004574 3.2416366 3.4799896 3.3830102 2.9043380 2.8791522 2.8670497 2.9255601 2.6263171 2.9279412 2.2451383 3.2685103 3.3220441 2.1440792 2.2257563 2.4913296 2.5040771 2.2952898 2.4599222 1.8427935 1.9981158 2.2740297 2.3156593 2.5558212 2.6380054 1.9497521 0.0000000 1.9086047 1.4967730 2.4700895 2.6574956 3.3384669 3.0900208 1.4140165 
AKR13C1|O25804|Helicobacter                                         2.2461906 3.1181645 2.8644140 3.2649991 3.1240327 2.7800927 3.4667433 3.6287910 3.5635215 3.2155531 2.8735732 2.8236286 2.7740213 2.8566488 3.2987364 1.9903980 3.0605463 3.2467884 2.0180735 2.2401202 2.1842443 1.9923612 2.0508474 2.3932140 1.8616566 2.2580600 2.5822995 2.5059095 2.3451704 2.6175848 1.7719749 1.9086047 0.0000000 0.9441397 2.1692621 2.3681171 2.9865502 3.0534933 1.9912651 
AKR13C2|AAD36088.1|Thermotoga                                       2.0188995 2.5192352 2.7466222 2.9178527 2.9974890 2.7818288 2.8672788 3.1749704 2.8880570 2.8210245 2.7019469 2.6702106 2.6196565 2.5992166 2.8600253 1.8798595 3.2660722 3.3139714 1.8975066 2.1378938 2.2043251 2.0118447 2.1143253 2.3880692 1.7437247 2.1650189 2.3167046 2.2847613 2.5623621 2.5882602 1.3831622 1.4967730 0.9441397 0.0000000 2.2445522 2.3342720 3.1726520 2.5045280 1.6290173 
AKR14A1|AAA69168.1|Escherichia                                      1.8163207 2.7669196 2.4006190 2.7269815 3.0111085 2.9132710 3.1987280 3.1980843 3.5074784 2.7085640 2.8647593 2.8671084 2.8060913 2.6046823 3.1484887 1.4467333 3.6845323 3.4715887 2.1385805 2.3071677 2.6517061 2.2548048 2.8496141 2.6191603 2.2242706 2.3446213 2.4313186 2.2641651 2.3825851 2.8554408 2.3220639 2.4700895 2.1692621 2.2445522 0.0000000 0.6580915 3.2695478 3.0414112 2.5629674 
AKR14A2|NP_461347.1|Salmonella                                      1.8685673 2.6533974 2.4785503 2.9045124 3.2470851 2.9018964 3.1701816 3.1465964 3.4011752 2.9480546 2.8027442 2.7345681 2.6593651 2.4281947 3.2691042 1.3914149 3.5604319 3.2290591 2.3636886 2.3277690 2.3768882 2.4362947 2.8550148 2.6470256 2.2605736 2.4394468 2.3943664 2.3539598 2.4954626 2.6468438 2.2971274 2.6574956 2.3681171 2.3342720 0.6580915 0.0000000 2.8963912 3.1343369 2.2217943 
AKR15A1|BAC97800.1|Microbacterium                                   2.9383763 3.7339331 3.4678502 3.3804198 3.7104245 3.9368247 3.5473935 3.5910875 3.9269153 3.4347184 3.2054990 3.0048479 3.2301409 2.8903136 3.7724748 2.3959557 3.5914827 3.5214155 2.2474829 3.1230451 2.6112074 2.7523528 2.8463733 2.7938996 2.4036952 2.7708847 3.0846441 2.9073312 2.8810581 3.2272432 3.2548441 3.3384669 2.9865502 3.1726520 3.2695478 2.8963912 0.0000000 3.9311491 3.6521006 
AKR16A1|AAF96757.1|Vibrio                                           2.6691139 2.7510299 2.7047637 3.2354212 3.2621126 3.0527821 3.2875198 3.0369371 3.1454006 2.5973560 3.0784518 2.7243121 2.7372755 2.9337119 3.0619291 2.7495444 3.8914186 4.0007936 3.1468520 2.8481548 3.3992308 2.6014236 3.1031816 3.2314211 3.0870702 2.6626435 2.6561961 2.7222189 3.2750592 1.3060820 3.3631529 3.0900208 3.0534933 2.5045280 3.0414112 3.1343369 3.9311491 0.0000000 2.7478066 
AKR17A1|BAB74015.1|Nostoc                                           1.8194487 2.6586822 2.4278571 2.7345033 2.8892112 2.7837699 2.9529654 2.7064593 3.0149846 2.5701031 2.8808356 2.6583491 2.6698383 2.8022160 2.7601449 2.0580136 2.9549833 3.1948955 2.0970743 1.8458264 2.4885277 2.2424164 2.1449522 2.2543343 1.8208029 2.0343737 2.6165553 2.8272508 2.9286072 2.7783084 1.8792389 1.4140165 1.9912651 1.6290173 2.5629674 2.2217943 3.6521006 2.7478066 0.0000000 
