39
AKR3F1|Q9X265|Thermotoga                                            0.0000000 1.6389574 1.6151501 2.0882930 2.2021734 2.1077178 2.0761583 2.1945988 2.0600515 2.0601180 1.7237132 1.6158596 1.6786445 1.5344851 2.4212044 1.5722923 3.0619905 2.8058792 1.6120504 1.7188388 1.9900702 1.6121603 2.3372741 1.9520985 1.9544499 1.9825615 1.8639744 1.9975555 2.0937590 2.7671561 1.8613900 2.1063463 2.2522623 2.0245093 1.8214658 1.8735064 2.9487980 2.6771662 1.8247274 
AKR3F2|P30863.2|Escherichia                                         1.6389574 0.0000000 1.3349733 1.8624784 1.3519479 1.4584535 1.5177612 1.7711628 1.6427596 1.7106598 1.5029865 1.4883264 1.3906850 1.4028757 1.6941786 2.2794216 3.1350775 3.1235137 2.2053553 2.5058698 2.3779019 1.9329891 2.5338826 2.8061123 2.3786259 2.7907704 2.7295044 3.0730840 3.1474609 2.8116251 2.5818087 2.6910353 3.1285196 2.5264543 2.7756551 2.6593961 3.7473381 2.7575665 2.6649581 
AKR3G1|P74308.1|Synechocystis|Bacteria|Cyanophyceae|Synechococcales 1.6151501 1.3349733 0.0000000 1.5510179 1.3829759 1.6239416 1.5650688 1.7011385 1.6972757 1.6132949 1.4133892 1.4494449 1.3810715 1.3911345 1.4820387 2.2541964 3.3558858 3.1932338 2.4752047 2.7567658 2.6940003 2.1727678 2.8755264 3.2716787 2.3749882 2.8416408 2.7982951 2.7620819 2.8371419 2.5025562 2.6001249 2.6552322 2.8740438 2.7547581 2.4078763 2.4864272 3.4788397 2.7116039 2.4353211 
AKR5B1|Q02198.3|Pseudomonas                                         2.0882930 1.8624784 1.5510179 0.0000000 1.2291849 1.1653765 1.1663079 1.4373735 1.3752588 1.1213951 1.0724383 1.0782991 1.0077181 0.9807642 1.0783625 2.7991125 4.1800261 3.6497906 2.6203501 2.9646547 2.6349678 2.5648767 2.6034489 3.2552680 2.5500194 2.8037761 3.0228567 3.1182375 3.0419375 2.8364573 2.9802060 3.0568170 3.2754014 2.9259458 2.7372334 2.9132373 3.3945945 3.2435257 2.7422168 
AKR5C1|AAA83534.1|Corynebacterium                                   2.2021734 1.3519479 1.3829759 1.2291849 0.0000000 0.9433544 0.9990093 1.3586518 1.2522107 1.2319327 1.1606938 1.2136251 1.1812191 1.1273013 1.0780390 2.8743435 3.6462728 3.4160903 2.8350776 2.9890671 2.9756288 2.5233832 2.7645970 2.9562285 2.6947726 2.6988922 2.8759552 2.9528400 3.0926130 3.1598497 2.6322771 2.6473511 3.1332293 3.0069115 3.0216055 3.2588915 3.7245039 3.2727607 2.8988250 
AKR5C2|Q46857.3|Escherichia                                         2.1077178 1.4584535 1.6239416 1.1653765 0.9433544 0.0000000 0.8509074 1.2433802 1.2573524 1.2218451 1.0256681 1.0332691 0.9893615 0.8974517 1.1894413 2.5543857 3.4284974 3.2889858 2.5723882 2.6786232 2.5552527 2.3277126 2.6255759 2.7461542 2.4089263 2.6969479 2.9452604 3.0906527 3.3226774 2.8909422 3.0943477 3.0082874 2.7865198 2.7874435 2.9244123 2.9110138 3.9529857 3.0603127 2.7912074 
AKR5C3|AAW60421.1|Gluconobacter                                     2.0761583 1.5177612 1.5650688 1.1663079 0.9990093 0.8509074 0.0000000 1.3550665 1.4200338 1.5548600 1.0366362 1.1453899 1.0306263 1.0044164 1.2341495 2.8482386 3.8818404 3.7835360 2.4947688 2.6523418 2.9141099 2.3920986 2.4379562 2.9615057 2.8141737 2.5086131 3.0198251 3.1701129 3.5434882 3.1571846 2.7940811 3.2513537 3.4771070 2.8730391 3.2117449 3.1829177 3.5625048 3.2966626 2.9622024 
AKR5D1|P15339.3|Corynebacterium                                     2.1945988 1.7711628 1.7011385 1.4373735 1.3586518 1.2433802 1.3550665 0.0000000 0.9609725 1.6484767 1.5642690 1.6137211 1.4520165 1.3946525 1.1997070 2.8083178 4.0922422 3.9157629 2.9509554 2.6477841 2.8389212 2.5479444 2.7559565 3.0704788 2.8115502 2.7736246 3.0593823 3.2954307 3.5784147 3.1007464 3.1226254 3.4901531 3.6392646 3.1833581 3.2076303 3.1547643 3.6037391 3.0457768 2.7136019 
AKR5E1|AAD42404.1|Zymomonas                                         2.0600515 1.6427596 1.6972757 1.3752588 1.2522107 1.2573524 1.4200338 0.9609725 0.0000000 1.3627029 1.2848692 1.4600624 1.3982199 1.4579018 1.3331995 2.9721054 4.1877952 3.8656838 2.3799385 2.8157712 2.6617351 2.5544095 2.7053497 3.1411456 2.5116305 2.6816165 3.4300072 3.7333932 3.9885303 3.2342049 3.2722701 3.3925751 3.5753409 2.8957110 3.5190838 3.4119026 3.9436707 3.1531018 3.0216097 
AKR5F1|ABB80491.1|Klebsiella                                        2.0601180 1.7106598 1.6132949 1.1213951 1.2319327 1.2218451 1.5548600 1.6484767 1.3627029 0.0000000 1.0449774 1.0700017 1.1026919 1.1080932 1.3013424 2.4873520 4.2327562 3.7717982 2.4969263 2.4796812 2.2939070 2.4671247 2.6583259 2.5903294 2.5504343 2.4841391 3.1495735 3.2773414 3.2954070 2.3986674 2.8463383 2.9135731 3.2244040 2.8297168 2.7168439 2.9588359 3.4482155 2.6032254 2.5772305 
AKR5G1|NP_391220.1|Bacillus                                         1.7237132 1.5029865 1.4133892 1.0724383 1.1606938 1.0256681 1.0366362 1.5642690 1.2848692 1.0449774 0.0000000 0.3743523 0.3293200 0.4753485 1.2144906 2.3853480 3.8728932 3.7885588 1.9617889 2.2856969 2.3640773 1.8858129 2.1355110 2.6977278 2.1626410 2.3102837 2.7174620 2.9610629 3.0143308 2.7452861 2.9484578 2.8866527 2.8820868 2.7091352 2.8749572 2.8116041 3.2177717 3.0839890 2.8885793 
AKR5G2|NP_390783.1|Bacillus                                         1.6158596 1.4883264 1.4494449 1.0782991 1.2136251 1.0332691 1.1453899 1.6137211 1.4600624 1.0700017 0.3743523 0.0000000 0.4109720 0.4555713 1.3096263 2.2808959 3.8522115 3.7379815 2.1267838 2.3306167 2.2870393 1.8710357 2.4760212 2.6877972 2.4424139 2.4111732 2.8124986 2.8364603 2.8630645 2.5358331 2.9979061 2.8764131 2.8316216 2.6766331 2.8771660 2.7432791 3.0161035 2.7301026 2.6663211 
AKR5G3|ALM30349.1|Priestia                                          1.6786445 1.3906850 1.3810715 1.0077181 1.1812191 0.9893615 1.0306263 1.4520165 1.3982199 1.1026919 0.3293200 0.4109720 0.0000000 0.4081103 1.1892153 2.3989942 3.6927855 3.6253835 2.2322173 2.2491697 2.3364878 1.8995140 2.3164474 2.6968668 2.2893874 2.3161065 2.7628749 2.9527076 3.0834001 2.5550558 2.7576128 2.9339708 2.7814720 2.6269937 2.8173760 2.6676892 3.2436454 2.7433664 2.6761075 
AKR5G4|WP_003252716.1|Parageobacillus                               1.5344851 1.4028757 1.3911345 0.9807642 1.1273013 0.8974517 1.0044164 1.3946525 1.4579018 1.1080932 0.4753485 0.4555713 0.4081103 0.0000000 1.2262736 2.2256644 3.8506952 3.7098397 2.2026171 2.2347720 2.2701951 1.9729772 2.2688607 2.5076834 2.3888560 2.2469975 2.5754511 2.7191256 2.9238475 2.4924814 2.8750953 2.6334820 2.8654626 2.6047500 2.6140112 2.4353346 2.9025575 2.9397387 2.8110148 
AKR5H1|A0QV09.1|Mycobacterium                                       2.4212044 1.6941786 1.4820387 1.0783625 1.0780390 1.1894413 1.2341495 1.1997070 1.3331995 1.3013424 1.2144906 1.3096263 1.1892153 1.2262736 0.0000000 3.3276884 3.2242525 3.4558518 2.7581439 2.6701454 2.5740927 2.4360412 2.1950415 2.9873385 2.4881484 2.4575206 3.0236009 3.1707498 3.0201402 2.7977625 2.6061367 2.9367617 3.3095807 2.8669226 3.1611318 3.2814277 3.7894205 3.0709222 2.7692904 
AKR6D1|WP_013401030.1|Geobacillus                                   1.5722923 2.2794216 2.2541964 2.7991125 2.8743435 2.5543857 2.8482386 2.8083178 2.9721054 2.4873520 2.3853480 2.2808959 2.3989942 2.2256644 3.3276884 0.0000000 3.4480273 3.2856228 1.8423741 1.8966423 1.6888921 1.5664475 2.1635090 1.9658429 1.8422825 1.9212717 1.7781718 1.6347155 1.7262025 2.8090981 2.0965684 2.2519375 1.9957166 1.8839344 1.4501696 1.3944858 2.4025081 2.7587170 2.0627329 
AKR10A1|AAD28516.1|Streptomyces                                     3.0619905 3.1350775 3.3558858 4.1800261 3.6462728 3.4284974 3.8818404 4.0922422 4.1877952 4.2327562 3.8728932 3.8522115 3.6927855 3.8506952 3.2242525 3.4480273 0.0000000 0.3532347 3.0780092 3.1881984 3.4724395 2.9673644 3.2055299 3.7741860 2.7532294 3.1651716 3.4618800 3.5103323 3.8591207 3.3288025 3.1358896 3.2767913 3.0705460 3.2753901 3.6956279 3.5705840 3.6015692 3.9042569 2.9635502 
AKR10A2|CAA07384.1|Streptomyces                                     2.8058792 3.1235137 3.1932338 3.6497906 3.4160903 3.2889858 3.7835360 3.9157629 3.8656838 3.7717982 3.7885588 3.7379815 3.6253835 3.7098397 3.4558518 3.2856228 0.3532347 0.0000000 2.9014619 3.3363953 3.2532516 2.9881091 3.0968300 3.6569407 2.6801709 3.1103297 3.2915360 3.5179421 3.6942495 3.3529858 3.0595976 3.3305642 3.2578678 3.3237144 3.4809181 3.2373410 3.5320077 4.0133824 3.2055639 
AKR11A1|P46336.1|Bacillus                                           1.6120504 2.2053553 2.4752047 2.6203501 2.8350776 2.5723882 2.4947688 2.9509554 2.3799385 2.4969263 1.9617889 2.1267838 2.2322173 2.2026171 2.7581439 1.8423741 3.0780092 2.9014619 0.0000000 1.5017532 1.8150487 1.6024445 1.8932400 1.9339515 0.5271681 1.8405771 2.2700693 2.3343986 2.2416333 2.7608626 1.8790225 2.1495442 2.0238242 1.9026435 2.1445960 2.3705227 2.2545803 3.1555568 2.1027401 
AKR11B1|P80874.2|Bacillus                                           1.7188388 2.5058698 2.7567658 2.9646547 2.9890671 2.6786232 2.6523418 2.6477841 2.8157712 2.4796812 2.2856969 2.3306167 2.2491697 2.2347720 2.6701454 1.8966423 3.1881984 3.3363953 1.5017532 0.0000000 1.6054658 1.4164922 0.7461920 2.2651607 1.5538947 0.6570921 2.1671232 2.2297294 2.3488873 2.3176441 2.1665025 2.2314534 2.2462293 2.1436808 2.3144201 2.3344135 3.1335900 2.8583104 1.8497253 
AKR11B2|P77256.1|Escherichia                                        1.9900702 2.3779019 2.6940003 2.6349678 2.9756288 2.5552527 2.9141099 2.8389212 2.6617351 2.2939070 2.3640773 2.2870393 2.3364878 2.2701951 2.5740927 1.6888921 3.4724395 3.2532516 1.8150487 1.6054658 0.0000000 1.5800031 1.8292538 1.9764038 1.9169285 1.6826027 2.3659083 2.4525164 2.5132681 2.7793762 2.1707887 2.4965790 2.1895254 2.2092654 2.6597376 2.3832024 2.6197037 3.4078839 2.4941849 
AKR11B3|ABC69170.1|Synechococcus                                    1.6121603 1.9329891 2.1727678 2.5648767 2.5233832 2.3277126 2.3920986 2.5479444 2.5544095 2.4671247 1.8858129 1.8710357 1.8995140 1.9729772 2.4360412 1.5664475 2.9673644 2.9881091 1.6024445 1.4164922 1.5800031 0.0000000 1.7150138 2.0591712 1.5361452 1.6685878 1.9376935 2.0961650 2.1189437 2.2438269 2.4226430 2.5110829 1.9977264 2.0169229 2.2616000 2.4425982 2.7625921 2.6101267 2.2480474 
AKR11B4|WP_011253139.1|Gluconobacter                                2.3372741 2.5338826 2.8755264 2.6034489 2.7645970 2.6255759 2.4379562 2.7559565 2.7053497 2.6583259 2.1355110 2.4760212 2.3164474 2.2688607 2.1950415 2.1635090 3.2055299 3.0968300 1.8932400 0.7461920 1.8292538 1.7150138 0.0000000 2.4671971 1.7124447 0.6011325 2.1843903 2.1939436 2.3682108 2.6965555 2.2960569 2.3004084 2.0563282 2.1198564 2.8575387 2.8626316 2.8552155 3.1124054 2.1503380 
AKR11C1|Q9KE47|Bacillus                                             1.9520985 2.8061123 3.2716787 3.2552680 2.9562285 2.7461542 2.9615057 3.0704788 3.1411456 2.5903294 2.6977278 2.6877972 2.6968668 2.5076834 2.9873385 1.9658429 3.7741860 3.6569407 1.9339515 2.2651607 1.9764038 2.0591712 2.4671971 0.0000000 1.8944475 2.3192971 2.3140273 2.4299834 2.3797207 3.2359028 2.5160036 2.4652270 2.4000005 2.3948316 2.6271622 2.6552194 2.8016790 3.2413434 2.2602857 
AKR11D1|ALM30350.1|Bacillus                                         1.9544499 2.3786259 2.3749882 2.5500194 2.6947726 2.4089263 2.8141737 2.8115502 2.5116305 2.5504343 2.1626410 2.4424139 2.2893874 2.3888560 2.4881484 1.8422825 2.7532294 2.6801709 0.5271681 1.5538947 1.9169285 1.5361452 1.7124447 1.8944475 0.0000000 1.5996585 2.1086953 2.1381825 2.0980603 2.7557105 1.9087259 1.8471431 1.8666914 1.7483192 2.2303868 2.2667052 2.4115533 3.0937348 1.8256686 
AKR11E1|NP_249818.1|Pseudomonas                                     1.9825615 2.7907704 2.8416408 2.8037761 2.6988922 2.6969479 2.5086131 2.7736246 2.6816165 2.4841391 2.3102837 2.4111732 2.3161065 2.2469975 2.4575206 1.9212717 3.1651716 3.1103297 1.8405771 0.6570921 1.6826027 1.6685878 0.6011325 2.3192971 1.5996585 0.0000000 2.0149265 1.9520038 2.0775875 2.1557489 2.3841390 2.0026480 2.2645054 2.1700345 2.3512842 2.4447808 2.7791569 2.6686886 2.0393446 
AKR12A1|AAD41821.1|Streptomyces                                     1.8639744 2.7295044 2.7982951 3.0228567 2.8759552 2.9452604 3.0198251 3.0593823 3.4300072 3.1495735 2.7174620 2.8124986 2.7628749 2.5754511 3.0236009 1.7781718 3.4618800 3.2915360 2.2700693 2.1671232 2.3659083 1.9376935 2.1843903 2.3140273 2.1086953 2.0149265 0.0000000 0.3621472 0.6583007 2.1996813 2.5765358 2.2799103 2.5893351 2.3228724 2.4389860 2.4014092 3.0925757 2.6619850 2.6231415 
AKR12B1|AAB84068.1|Saccharopolyspora                                1.9975555 3.0730840 2.7620819 3.1182375 2.9528400 3.0906527 3.1701129 3.2954307 3.7333932 3.2773414 2.9610629 2.8364603 2.9527076 2.7191256 3.1707498 1.6347155 3.5103323 3.5179421 2.3343986 2.2297294 2.4525164 2.0961650 2.1939436 2.4299834 2.1381825 1.9520038 0.3621472 0.0000000 0.6206052 2.2279203 2.6316950 2.3230979 2.5133552 2.2916034 2.2711757 2.3607252 2.9134053 2.7276263 2.8353527 
AKR12C1|BAA84599.1|Streptomyces                                     2.0937590 3.1474609 2.8371419 3.0419375 3.0926130 3.3226774 3.5434882 3.5784147 3.9885303 3.2954070 3.0143308 2.8630645 3.0834001 2.9238475 3.0201402 1.7262025 3.8591207 3.6942495 2.2416333 2.3488873 2.5132681 2.1189437 2.3682108 2.3797207 2.0980603 2.0775875 0.6583007 0.6206052 0.0000000 2.3228830 2.6403043 2.5620953 2.3526365 2.5698888 2.3905933 2.5032340 2.8879725 3.2826885 2.9369854 
AKR12D1|AAK90112.1|Agrobacterium                                    2.7671561 2.8116251 2.5025562 2.8364573 3.1598497 2.8909422 3.1571846 3.1007464 3.2342049 2.3986674 2.7452861 2.5358331 2.5550558 2.4924814 2.7977625 2.8090981 3.3288025 3.3529858 2.7608626 2.3176441 2.7793762 2.2438269 2.6965555 3.2359028 2.7557105 2.1557489 2.1996813 2.2279203 2.3228830 0.0000000 2.8095329 2.6465691 2.6265662 2.5949842 2.8631914 2.6530768 3.2362396 1.3091550 2.7875107 
AKR13A1|Q09923.1|Schizosaccharomyces                                1.8613900 2.5818087 2.6001249 2.9802060 2.6322771 3.0943477 2.7940811 3.1226254 3.2722701 2.8463383 2.9484578 2.9979061 2.7576128 2.8750953 2.6061367 2.0965684 3.1358896 3.0595976 1.8790225 2.1665025 2.1707887 2.4226430 2.2960569 2.5160036 1.9087259 2.3841390 2.5765358 2.6316950 2.6403043 2.8095329 0.0000000 1.9537796 1.7763715 1.3861298 2.3294562 2.3032447 3.2654940 3.3754166 1.8837064 
AKR13B1|AAF84538.1|Xylella                                          2.1063463 2.6910353 2.6552322 3.0568170 2.6473511 3.0082874 3.2513537 3.4901531 3.3925751 2.9135731 2.8866527 2.8764131 2.9339708 2.6334820 2.9367617 2.2519375 3.2767913 3.3305642 2.1495442 2.2314534 2.4965790 2.5110829 2.3004084 2.4652270 1.8471431 2.0026480 2.2799103 2.3230979 2.5620953 2.6465691 1.9537796 0.0000000 1.9144224 1.5005777 2.4769669 2.6652420 3.3478716 3.0989301 1.4172790 
AKR13C1|O25804|Helicobacter                                         2.2522623 3.1285196 2.8740438 3.2754014 3.1332293 2.7865198 3.4771070 3.6392646 3.5753409 3.2244040 2.8820868 2.8316216 2.7814720 2.8654626 3.3095807 1.9957166 3.0705460 3.2578678 2.0238242 2.2462293 2.1895254 1.9977264 2.0563282 2.4000005 1.8666914 2.2645054 2.5893351 2.5133552 2.3526365 2.6265662 1.7763715 1.9144224 0.0000000 0.9460172 2.1758073 2.3750793 2.9944111 3.0636226 1.9962579 
AKR13C2|AAD36088.1|Thermotoga                                       2.0245093 2.5264543 2.7547581 2.9259458 3.0069115 2.7874435 2.8730391 3.1833581 2.8957110 2.8297168 2.7091352 2.6766331 2.6269937 2.6047500 2.8669226 1.8839344 3.2753901 3.3237144 1.9026435 2.1436808 2.2092654 2.0169229 2.1198564 2.3948316 1.7483192 2.1700345 2.3228724 2.2916034 2.5698888 2.5949842 1.3861298 1.5005777 0.9460172 0.0000000 2.2513897 2.3404398 3.1815846 2.5107176 1.6327494 
AKR14A1|AAA69168.1|Escherichia                                      1.8214658 2.7756551 2.4078763 2.7372334 3.0216055 2.9244123 3.2117449 3.2076303 3.5190838 2.7168439 2.8749572 2.8771660 2.8173760 2.6140112 3.1611318 1.4501696 3.6956279 3.4809181 2.1445960 2.3144201 2.6597376 2.2616000 2.8575387 2.6271622 2.2303868 2.3512842 2.4389860 2.2711757 2.3905933 2.8631914 2.3294562 2.4769669 2.1758073 2.2513897 0.0000000 0.6590798 3.2782498 3.0513960 2.5720428 
AKR14A2|NP_461347.1|Salmonella                                      1.8735064 2.6593961 2.4864272 2.9132373 3.2588915 2.9110138 3.1829177 3.1547643 3.4119026 2.9588359 2.8116041 2.7432791 2.6676892 2.4353346 3.2814277 1.3944858 3.5705840 3.2373410 2.3705227 2.3344135 2.3832024 2.4425982 2.8626316 2.6552194 2.2667052 2.4447808 2.4014092 2.3607252 2.5032340 2.6530768 2.3032447 2.6652420 2.3750793 2.3404398 0.6590798 0.0000000 2.9037952 3.1431367 2.2278820 
AKR15A1|BAC97800.1|Microbacterium                                   2.9487980 3.7473381 3.4788397 3.3945945 3.7245039 3.9529857 3.5625048 3.6037391 3.9436707 3.4482155 3.2177717 3.0161035 3.2436454 2.9025575 3.7894205 2.4025081 3.6015692 3.5320077 2.2545803 3.1335900 2.6197037 2.7625921 2.8552155 2.8016790 2.4115533 2.7791569 3.0925757 2.9134053 2.8879725 3.2362396 3.2654940 3.3478716 2.9944111 3.1815846 3.2782498 2.9037952 0.0000000 3.9434784 3.6657224 
AKR16A1|AAF96757.1|Vibrio                                           2.6771662 2.7575665 2.7116039 3.2435257 3.2727607 3.0603127 3.2966626 3.0457768 3.1531018 2.6032254 3.0839890 2.7301026 2.7433664 2.9397387 3.0709222 2.7587170 3.9042569 4.0133824 3.1555568 2.8583104 3.4078839 2.6101267 3.1124054 3.2413434 3.0937348 2.6686886 2.6619850 2.7276263 3.2826885 1.3091550 3.3754166 3.0989301 3.0636226 2.5107176 3.0513960 3.1431367 3.9434784 0.0000000 2.7561111 
AKR17A1|BAB74015.1|Nostoc                                           1.8247274 2.6649581 2.4353211 2.7422168 2.8988250 2.7912074 2.9622024 2.7136019 3.0216097 2.5772305 2.8885793 2.6663211 2.6761075 2.8110148 2.7692904 2.0627329 2.9635502 3.2055639 2.1027401 1.8497253 2.4941849 2.2480474 2.1503380 2.2602857 1.8256686 2.0393446 2.6231415 2.8353527 2.9369854 2.7875107 1.8837064 1.4172790 1.9962579 1.6327494 2.5720428 2.2278820 3.6657224 2.7561111 0.0000000 
