41
AKR3F1|Q9X265|Thermotoga                                            0.0000000 1.6232164 1.6105311 2.0679326 2.1413147 2.0575852 2.0355655 2.1751385 2.0366122 2.0551215 1.7028607 1.6000740 1.6722686 1.5184360 2.4470568 1.5461038 3.1118705 2.8142536 1.5930974 1.6820866 1.9878487 1.5748144 2.2792987 1.9280382 1.9391470 1.8980354 1.7981617 1.9344611 2.0365081 1.8533131 1.7805218 2.0064444 2.1264365 1.9474733 1.9189357 1.7320372 1.8413359 2.9845206 2.8070401 2.7680604 1.7669958 
AKR3F2|P30863.2|Escherichia                                         1.6232164 0.0000000 1.3667534 1.8319361 1.3773859 1.4674885 1.5045716 1.7857757 1.6322531 1.6875197 1.4920170 1.4639775 1.3676021 1.3798642 1.6931679 2.2555593 3.1392746 3.1186272 2.1781350 2.3005482 2.4004348 1.9757151 2.4128227 2.8031941 2.3807201 2.6340682 2.7250783 2.9009450 3.0939299 2.9060476 2.5431740 2.6613537 3.1221812 2.5514213 2.3123491 2.7416304 2.7646128 3.7527445 2.7931255 2.7480657 2.6195663 
AKR3G1|P74308.1|Synechocystis|Bacteria|Cyanophyceae|Synechococcales 1.6105311 1.3667534 0.0000000 1.5337569 1.3698658 1.6167401 1.5570466 1.6844857 1.6520528 1.5756788 1.4067338 1.4430062 1.3747562 1.3967855 1.4748084 2.2076760 3.4173043 3.3567531 2.4791856 2.7951247 2.7718018 2.1898250 2.9613612 3.3500975 2.3595611 2.8477101 2.7248112 2.7825869 2.9455557 2.7738265 2.6839650 2.6028164 3.0440055 2.8356730 2.2618789 2.4817189 2.5770461 3.5027909 2.7159614 2.5434970 2.4208819 
AKR5B1|Q02198.3|Pseudomonas                                         2.0679326 1.8319361 1.5337569 0.0000000 1.2264015 1.1607395 1.1515672 1.4312343 1.3721263 1.1148136 1.0629503 1.0712518 1.0001536 0.9770887 1.0624025 2.8460770 4.2701040 3.6203414 2.6216400 2.9189937 2.6561423 2.5763569 2.5685978 3.2515622 2.5256902 2.7282933 2.9739778 3.1307977 3.0062203 2.9597441 2.8458430 2.9300181 3.2355023 2.7579525 2.9294270 2.7036689 2.9733148 3.3543301 3.2921374 2.8944716 2.6689807 
AKR5C1|AAA83534.1|Corynebacterium                                   2.1413147 1.3773859 1.3698658 1.2264015 0.0000000 0.9440424 0.9985664 1.3407009 1.2404038 1.2392710 1.1584137 1.2291006 1.1830392 1.1269771 1.0861143 2.8671560 3.7061231 3.3862101 2.8359124 2.9773340 3.0047465 2.5893083 2.7357366 2.9703720 2.6785665 2.6764684 2.8933253 2.9587935 3.0471501 2.9092870 2.4906970 2.4987139 3.0444377 2.8313363 2.4671837 3.0092932 3.2786572 3.6676952 3.1061045 3.1282174 2.8016157 
AKR5C2|Q46857.3|Escherichia                                         2.0575852 1.4674885 1.6167401 1.1607395 0.9440424 0.0000000 0.8484425 1.2439786 1.2719569 1.2116611 1.0225314 1.0294610 0.9863760 0.8946534 1.1849950 2.5518278 3.3907666 3.2073264 2.5664349 2.6768694 2.5489459 2.3113359 2.6500927 2.7510607 2.3941100 2.6563013 2.9304729 3.0634998 3.2280334 3.1099317 2.9685538 2.8441602 2.7246997 2.7528419 2.7300549 2.8658429 2.8751908 3.9371112 2.9575835 2.8554400 2.7140306 
AKR5C3|AAW60421.1|Gluconobacter                                     2.0355655 1.5045716 1.5570466 1.1515672 0.9985664 0.8484425 0.0000000 1.3488665 1.4133002 1.5523745 1.0334530 1.1408335 1.0274125 1.0021632 1.2281920 2.8403383 3.8830127 3.7776511 2.4784730 2.7196939 2.8974290 2.3940620 2.4393593 2.9741421 2.7954942 2.5742834 3.0267569 3.0925283 3.4300846 3.2677149 2.7647291 3.1862330 3.3463091 2.8058146 2.7908213 3.1753340 3.2811331 3.5170313 3.2363591 3.1528003 2.9531141 
AKR5D1|P15339.3|Corynebacterium                                     2.1751385 1.7857757 1.6844857 1.4312343 1.3407009 1.2439786 1.3488665 0.0000000 0.9573317 1.6285609 1.5564107 1.6057069 1.4456710 1.3884245 1.1949338 2.7994843 3.9960561 3.7756811 2.9185238 2.5778474 2.8677178 2.5789912 2.6997838 3.0349940 2.7651959 2.7798070 3.0954938 3.3005303 3.5353994 3.2159304 3.1685774 3.1776387 3.4020620 3.0540285 2.7709748 3.2095468 3.0284983 3.5680623 2.9834099 3.0360694 2.6717993 
AKR5E1|AAD42404.1|Zymomonas                                         2.0366122 1.6322531 1.6520528 1.3721263 1.2404038 1.2719569 1.4133002 0.9573317 0.0000000 1.3767892 1.2785849 1.4511788 1.3728970 1.4548365 1.3222116 2.9678682 4.2057498 3.8228029 2.3567543 2.7739563 2.6623412 2.5017785 2.6129916 3.1500768 2.4720213 2.7044350 3.3059895 3.6168203 3.8823310 3.6557052 3.1160900 3.2542997 3.2943974 2.7472172 2.8693244 3.4938423 3.4950457 3.9391919 3.0629913 3.1711836 3.0051512 
AKR5F1|ABB80491.1|Klebsiella                                        2.0551215 1.6875197 1.5756788 1.1148136 1.2392710 1.2116611 1.5523745 1.6285609 1.3767892 0.0000000 1.0473099 1.0724416 1.1053461 1.1021216 1.2765282 2.4630368 4.2885794 3.7954233 2.4965642 2.4575239 2.3240647 2.3937874 2.5661726 2.5970908 2.5340929 2.5397057 3.1341747 3.2166288 3.3665999 3.0023625 2.8927252 2.7896790 3.0101274 2.8704593 2.9750245 2.7965545 2.9680049 3.4099706 2.5263719 2.3676143 2.5342823 
AKR5G1|NP_391220.1|Bacillus                                         1.7028607 1.4920170 1.4067338 1.0629503 1.1584137 1.0225314 1.0334530 1.5564107 1.2785849 1.0473099 0.0000000 0.3738146 0.3289008 0.4687511 1.2093006 2.3895598 3.8852630 3.6991954 1.9577737 2.3409586 2.3845548 1.8463200 2.2378450 2.6884758 2.1506518 2.3599131 2.7673363 2.8772116 2.9088807 2.9049362 3.0231712 2.8136591 2.8785353 2.6609504 2.9945542 2.8316049 2.9157498 3.1860020 2.9765718 2.7242138 2.7945532 
AKR5G2|NP_390783.1|Bacillus                                         1.6000740 1.4639775 1.4430062 1.0712518 1.2291006 1.0294610 1.1408335 1.6057069 1.4511788 1.0724416 0.3738146 0.0000000 0.4105065 0.4504864 1.3043087 2.2892546 3.9043667 3.7156771 2.1253409 2.4072654 2.3044740 1.8547052 2.5380005 2.6851746 2.4270779 2.4956742 2.8026444 2.8562949 2.8159789 2.8809140 3.0122567 2.8031256 2.7081557 2.6219526 2.4865560 2.8163728 2.8117226 2.9970840 2.6420562 2.5164031 2.5791336 
AKR5G3|ALM30349.1|Priestia                                          1.6722686 1.3676021 1.3747562 1.0001536 1.1830392 0.9863760 1.0274125 1.4456710 1.3728970 1.1053461 0.3289008 0.4105065 0.0000000 0.4081964 1.1844904 2.4022750 3.7019648 3.6267304 2.2274777 2.3226103 2.3566921 1.8772833 2.3576747 2.7448813 2.2758510 2.3918997 2.7740156 2.9387929 3.0410923 2.8222091 2.8090496 2.8309999 2.6604091 2.6000006 2.8950238 2.8532756 2.7451848 3.2161778 2.6779271 2.4993316 2.6101342 
AKR5G4|WP_003252716.1|Parageobacillus                               1.5184360 1.3798642 1.3967855 0.9770887 1.1269771 0.8946534 1.0021632 1.3884245 1.4548365 1.1021216 0.4687511 0.4504864 0.4081964 0.0000000 1.2244972 2.2294740 3.8361317 3.6646361 2.2016516 2.3070602 2.2898023 1.9577995 2.2993884 2.5204311 2.3740603 2.3056609 2.5962050 2.7236068 2.8912183 2.6978579 2.8812619 2.5975156 2.7276714 2.5461368 2.5485651 2.5938565 2.5024418 2.8663960 2.8564848 2.4739444 2.7011989 
AKR5H1|A0QV09.1|Mycobacterium                                       2.4470568 1.6931679 1.4748084 1.0624025 1.0861143 1.1849950 1.2281920 1.1949338 1.3222116 1.2765282 1.2093006 1.3043087 1.1844904 1.2244972 0.0000000 3.2931696 3.2867918 3.4964697 2.7576585 2.6558652 2.6007860 2.4434106 2.1891094 3.0021321 2.4721781 2.4177310 3.1211793 3.3024094 3.1161753 3.2561087 2.7297770 2.7818230 3.3651880 2.9111947 2.8603797 3.1952970 3.3355236 3.7434882 3.0073244 2.7760144 2.7987524 
AKR6D1|WP_013401030.1|Geobacillus                                   1.5461038 2.2555593 2.2076760 2.8460770 2.8671560 2.5518278 2.8403383 2.7994843 2.9678682 2.4630368 2.3895598 2.2892546 2.4022750 2.2294740 3.2931696 0.0000000 3.4773871 3.2929513 1.8779331 1.8881916 1.7144437 1.5710627 2.2009730 1.9573259 1.9271162 1.9209235 1.8359317 1.6849973 1.7356189 1.6253165 2.0904571 2.1637130 1.9960781 1.9287185 2.0986290 1.4220044 1.3824406 2.3925836 2.8321952 2.8956606 1.9735507 
AKR10A1|AAD28516.1|Streptomyces                                     3.1118705 3.1392746 3.4173043 4.2701040 3.7061231 3.3907666 3.8830127 3.9960561 4.2057498 4.2885794 3.8852630 3.9043667 3.7019648 3.8361317 3.2867918 3.4773871 0.0000000 0.3527995 3.1247295 3.2231094 3.4954304 3.1044682 3.2826844 3.6895367 2.8651549 3.2743743 3.5818723 3.5422830 3.8386934 3.1852739 3.1504267 3.0573624 3.2270959 3.4189012 3.5815757 3.6249526 3.5168738 3.5086302 3.8850423 3.2999586 2.9722146 
AKR10A2|CAA07384.1|Streptomyces                                     2.8142536 3.1186272 3.3567531 3.6203414 3.3862101 3.2073264 3.7776511 3.7756811 3.8228029 3.7954233 3.6991954 3.7156771 3.6267304 3.6646361 3.4964697 3.2929513 0.3527995 0.0000000 2.9579523 3.4419164 3.1686436 3.0812211 3.2798539 3.6548270 2.7204875 3.2632420 3.4163254 3.6389598 3.7775625 3.1801062 3.1958856 3.1976895 3.4691176 3.5212541 3.4702760 3.4446758 3.3441109 3.5363734 4.0829559 3.3050964 3.2249829 
AKR11A1|P46336.1|Bacillus                                           1.5930974 2.1781350 2.4791856 2.6216400 2.8359124 2.5664349 2.4784730 2.9185238 2.3567543 2.4965642 1.9577737 2.1253409 2.2274777 2.2016516 2.7576585 1.8779331 3.1247295 2.9579523 0.0000000 1.4800094 1.7847253 1.5848772 1.9035015 1.9535444 0.5281486 1.8138935 2.4356915 2.4503316 2.4042485 2.0897207 1.8445355 2.1143755 1.9479860 1.8423967 2.2091912 2.1186213 2.4242263 2.2373688 3.0857588 2.8210328 2.0043775 
AKR11B1|P80874.2|Bacillus                                           1.6820866 2.3005482 2.7951247 2.9189937 2.9773340 2.6768694 2.7196939 2.5778474 2.7739563 2.4575239 2.3409586 2.4072654 2.3226103 2.3070602 2.6558652 1.8881916 3.2231094 3.4419164 1.4800094 0.0000000 1.6272113 1.4579990 0.7558861 2.2128424 1.5461912 0.6554508 2.3747370 2.3621797 2.5807838 2.3502248 2.1506324 2.1536852 2.1853913 2.1365462 2.9292773 2.2640812 2.2883600 3.1230763 2.8511445 2.3381685 1.8253134 
AKR11B2|P77256.1|Escherichia                                        1.9878487 2.4004348 2.7718018 2.6561423 3.0047465 2.5489459 2.8974290 2.8677178 2.6623412 2.3240647 2.3845548 2.3044740 2.3566921 2.2898023 2.6007860 1.7144437 3.4954304 3.1686436 1.7847253 1.6272113 0.0000000 1.5711723 1.8401857 1.9171547 1.8843653 1.6749856 2.5061099 2.5424942 2.5904298 2.4963079 2.1670427 2.4253646 2.1216538 2.1235024 2.3946579 2.7099615 2.4805794 2.5157348 3.2249228 2.8219573 2.4291582 
AKR11B3|ABC69170.1|Synechococcus                                    1.5748144 1.9757151 2.1898250 2.5763569 2.5893083 2.3113359 2.3940620 2.5789912 2.5017785 2.3937874 1.8463200 1.8547052 1.8772833 1.9577995 2.4434106 1.5710627 3.1044682 3.0812211 1.5848772 1.4579990 1.5711723 0.0000000 1.7875009 2.0487534 1.5306186 1.7470772 2.1735836 2.3229636 2.3027252 2.0747822 2.3985788 2.4863768 1.9868117 2.1065826 2.4944864 2.2249449 2.4752220 2.7321396 2.5913828 2.3778753 2.1816757 
AKR11B4|WP_011253139.1|Gluconobacter                                2.2792987 2.4128227 2.9613612 2.5685978 2.7357366 2.6500927 2.4393593 2.6997838 2.6129916 2.5661726 2.2378450 2.5380005 2.3576747 2.2993884 2.1891094 2.2009730 3.2826844 3.2798539 1.9035015 0.7558861 1.8401857 1.7875009 0.0000000 2.5448342 1.6997216 0.5930704 2.4468686 2.3869546 2.6386291 2.4299452 2.3916363 2.3336467 2.1574024 2.1936403 2.7004699 2.8374505 2.8800630 2.9155972 2.9266367 2.6543024 2.0849241 
AKR11C1|Q9KE47|Bacillus                                             1.9280382 2.8031941 3.3500975 3.2515622 2.9703720 2.7510607 2.9741421 3.0349940 3.1500768 2.5970908 2.6884758 2.6851746 2.7448813 2.5204311 3.0021321 1.9573259 3.6895367 3.6548270 1.9535444 2.2128424 1.9171547 2.0487534 2.5448342 0.0000000 1.8892424 2.2634733 2.2601259 2.3616419 2.3220966 2.2030485 2.4588517 2.4036987 2.3245636 2.2188524 2.2693540 2.5868343 2.7008560 2.6887893 3.2091970 3.1471413 2.1893537 
AKR11D1|ALM30350.1|Bacillus                                         1.9391470 2.3807201 2.3595611 2.5256902 2.6785665 2.3941100 2.7954942 2.7651959 2.4720213 2.5340929 2.1506518 2.4270779 2.2758510 2.3740603 2.4721781 1.9271162 2.8651549 2.7204875 0.5281486 1.5461912 1.8843653 1.5306186 1.6997216 1.8892424 0.0000000 1.5923487 2.2108559 2.2374988 2.2116459 2.1069196 1.8934746 1.8113710 1.8347721 1.7308401 2.2461159 2.3080411 2.3120561 2.3915526 3.0299706 2.8387340 1.8022243 
AKR11E1|NP_249818.1|Pseudomonas                                     1.8980354 2.6340682 2.8477101 2.7282933 2.6764684 2.6563013 2.5742834 2.7798070 2.7044350 2.5397057 2.3599131 2.4956742 2.3918997 2.3056609 2.4177310 1.9209235 3.2743743 3.2632420 1.8138935 0.6554508 1.6749856 1.7470772 0.5930704 2.2634733 1.5923487 0.0000000 2.2046181 2.0839002 2.2653191 2.1000175 2.3547868 1.9922689 2.2317631 2.1826558 2.4545566 2.3431798 2.3775964 2.6710288 2.5471177 2.1559626 1.9775828 
AKR12A1|AAD41821.1|Streptomyces                                     1.7981617 2.7250783 2.7248112 2.9739778 2.8933253 2.9304729 3.0267569 3.0954938 3.3059895 3.1341747 2.7673363 2.8026444 2.7740156 2.5962050 3.1211793 1.8359317 3.5818723 3.4163254 2.4356915 2.3747370 2.5061099 2.1735836 2.4468686 2.2601259 2.2108559 2.2046181 0.0000000 0.3560638 0.6544788 0.8004554 2.6421278 2.2580362 2.6811899 2.4342332 2.4039037 2.5354426 2.4760148 3.0107170 2.6583623 2.4014690 2.5233008 
AKR12B1|AAB84068.1|Saccharopolyspora                                1.9344611 2.9009450 2.7825869 3.1307977 2.9587935 3.0634998 3.0925283 3.3005303 3.6168203 3.2166288 2.8772116 2.8562949 2.9387929 2.7236068 3.3024094 1.6849973 3.5422830 3.6389598 2.4503316 2.3621797 2.5424942 2.3229636 2.3869546 2.3616419 2.2374988 2.0839002 0.3560638 0.0000000 0.6198612 0.7918596 2.7781131 2.2891753 2.6468439 2.4699066 2.5277032 2.3779409 2.5257252 2.8629922 2.8068371 2.4481687 2.7152767 
AKR12C1|BAA84599.1|Streptomyces                                     2.0365081 3.0939299 2.9455557 3.0062203 3.0471501 3.2280334 3.4300846 3.5353994 3.8823310 3.3665999 2.9088807 2.8159789 3.0410923 2.8912183 3.1161753 1.7356189 3.8386934 3.7775625 2.4042485 2.5807838 2.5904298 2.3027252 2.6386291 2.3220966 2.2116459 2.2653191 0.6544788 0.6198612 0.0000000 0.8051061 2.6717532 2.5027370 2.6023253 2.7869856 2.5475219 2.4258711 2.5927249 2.7557813 3.3141022 2.3710401 2.7965101 
AKR12D1|A0A3R7J519|Streptomyces                                     1.8533131 2.9060476 2.7738265 2.9597441 2.9092870 3.1099317 3.2677149 3.2159304 3.6557052 3.0023625 2.9049362 2.8809140 2.8222091 2.6978579 3.2561087 1.6253165 3.1852739 3.1801062 2.0897207 2.3502248 2.4963079 2.0747822 2.4299452 2.2030485 2.1069196 2.1000175 0.8004554 0.7918596 0.8051061 0.0000000 2.4799504 2.4251867 2.3562973 2.4207241 2.4770391 2.2797827 2.1175404 2.5355777 3.1279670 2.4451829 2.2545814 
AKR13A1|Q09923.1|Schizosaccharomyces                                1.7805218 2.5431740 2.6839650 2.8458430 2.4906970 2.9685538 2.7647291 3.1685774 3.1160900 2.8927252 3.0231712 3.0122567 2.8090496 2.8812619 2.7297770 2.0904571 3.1504267 3.1958856 1.8445355 2.1506324 2.1670427 2.3985788 2.3916363 2.4588517 1.8934746 2.3547868 2.6421278 2.7781131 2.6717532 2.4799504 0.0000000 1.9113722 1.7646260 1.3934945 2.3147540 2.2806317 2.3340562 3.1568037 3.3572836 2.8938047 1.8465174 
AKR13B1|AAF84538.1|Xylella                                          2.0064444 2.6613537 2.6028164 2.9300181 2.4987139 2.8441602 3.1862330 3.1776387 3.2542997 2.7896790 2.8136591 2.8031256 2.8309999 2.5975156 2.7818230 2.1637130 3.0573624 3.1976895 2.1143755 2.1536852 2.4253646 2.4863768 2.3336467 2.4036987 1.8113710 1.9922689 2.2580362 2.2891753 2.5027370 2.4251867 1.9113722 0.0000000 1.8481202 1.3886825 1.2371341 2.3666301 2.5095774 3.1418594 2.9819553 2.6151962 1.3030356 
AKR13C1|O25804|Helicobacter                                         2.1264365 3.1221812 3.0440055 3.2355023 3.0444377 2.7246997 3.3463091 3.4020620 3.2943974 3.0101274 2.8785353 2.7081557 2.6604091 2.7276714 3.3651880 1.9960781 3.2270959 3.4691176 1.9479860 2.1853913 2.1216538 1.9868117 2.1574024 2.3245636 1.8347721 2.2317631 2.6811899 2.6468439 2.6023253 2.3562973 1.7646260 1.8481202 0.0000000 0.9558860 2.2754476 2.0557835 2.3118646 2.9009950 3.0692320 2.7006828 1.8226522 
AKR13C2|AAD36088.1|Thermotoga                                       1.9474733 2.5514213 2.8356730 2.7579525 2.8313363 2.7528419 2.8058146 3.0540285 2.7472172 2.8704593 2.6609504 2.6219526 2.6000006 2.5461368 2.9111947 1.9287185 3.4189012 3.5212541 1.8423967 2.1365462 2.1235024 2.1065826 2.1936403 2.2188524 1.7308401 2.1826558 2.4342332 2.4699066 2.7869856 2.4207241 1.3934945 1.3886825 0.9558860 0.0000000 1.9432987 2.3040176 2.3858260 3.0868628 2.5750167 2.7161815 1.5302954 
AKR13E1|AAC74488.1|Escherichia                                      1.9189357 2.3123491 2.2618789 2.9294270 2.4671837 2.7300549 2.7908213 2.7709748 2.8693244 2.9750245 2.9945542 2.4865560 2.8950238 2.5485651 2.8603797 2.0986290 3.5815757 3.4702760 2.2091912 2.9292773 2.3946579 2.4944864 2.7004699 2.2693540 2.2461159 2.4545566 2.4039037 2.5277032 2.5475219 2.4770391 2.3147540 1.2371341 2.2754476 1.9432987 0.0000000 2.6260766 2.9499208 3.1818481 2.7369534 2.8386516 1.8537378 
AKR14A1|AAA69168.1|Escherichia                                      1.7320372 2.7416304 2.4817189 2.7036689 3.0092932 2.8658429 3.1753340 3.2095468 3.4938423 2.7965545 2.8316049 2.8163728 2.8532756 2.5938565 3.1952970 1.4220044 3.6249526 3.4446758 2.1186213 2.2640812 2.7099615 2.2249449 2.8374505 2.5868343 2.3080411 2.3431798 2.5354426 2.3779409 2.4258711 2.2797827 2.2806317 2.3666301 2.0557835 2.3040176 2.6260766 0.0000000 0.6599583 3.1698105 3.0892421 2.9014079 2.5053765 
AKR14A2|NP_461347.1|Salmonella                                      1.8413359 2.7646128 2.5770461 2.9733148 3.2786572 2.8751908 3.2811331 3.0284983 3.4950457 2.9680049 2.9157498 2.8117226 2.7451848 2.5024418 3.3355236 1.3824406 3.5168738 3.3441109 2.4242263 2.2883600 2.4805794 2.4752220 2.8800630 2.7008560 2.3120561 2.3775964 2.4760148 2.5257252 2.5927249 2.1175404 2.3340562 2.5095774 2.3118646 2.3858260 2.9499208 0.6599583 0.0000000 2.8588749 3.2066313 2.7069169 2.2825136 
AKR15A1|BAC97800.1|Microbacterium                                   2.9845206 3.7527445 3.5027909 3.3543301 3.6676952 3.9371112 3.5170313 3.5680623 3.9391919 3.4099706 3.1860020 2.9970840 3.2161778 2.8663960 3.7434882 2.3925836 3.5086302 3.5363734 2.2373688 3.1230763 2.5157348 2.7321396 2.9155972 2.6887893 2.3915526 2.6710288 3.0107170 2.8629922 2.7557813 2.5355777 3.1568037 3.1418594 2.9009950 3.0868628 3.1818481 3.1698105 2.8588749 0.0000000 3.5457843 3.1756132 3.4097273 
AKR16A1|AAF96757.1|Vibrio                                           2.8070401 2.7931255 2.7159614 3.2921374 3.1061045 2.9575835 3.2363591 2.9834099 3.0629913 2.5263719 2.9765718 2.6420562 2.6779271 2.8564848 3.0073244 2.8321952 3.8850423 4.0829559 3.0857588 2.8511445 3.2249228 2.5913828 2.9266367 3.2091970 3.0299706 2.5471177 2.6583623 2.8068371 3.3141022 3.1279670 3.3572836 2.9819553 3.0692320 2.5750167 2.7369534 3.0892421 3.2066313 3.5457843 0.0000000 1.3036124 2.5986273 
AKR16B1|AAK90112.1|Agrobacterium                                    2.7680604 2.7480657 2.5434970 2.8944716 3.1282174 2.8554400 3.1528003 3.0360694 3.1711836 2.3676143 2.7242138 2.5164031 2.4993316 2.4739444 2.7760144 2.8956606 3.2999586 3.3050964 2.8210328 2.3381685 2.8219573 2.3778753 2.6543024 3.1471413 2.8387340 2.1559626 2.4014690 2.4481687 2.3710401 2.4451829 2.8938047 2.6151962 2.7006828 2.7161815 2.8386516 2.9014079 2.7069169 3.1756132 1.3036124 0.0000000 2.6940443 
AKR17A1|BAB74015.1|Nostoc                                           1.7669958 2.6195663 2.4208819 2.6689807 2.8016157 2.7140306 2.9531141 2.6717993 3.0051512 2.5342823 2.7945532 2.5791336 2.6101342 2.7011989 2.7987524 1.9735507 2.9722146 3.2249829 2.0043775 1.8253134 2.4291582 2.1816757 2.0849241 2.1893537 1.8022243 1.9775828 2.5233008 2.7152767 2.7965101 2.2545814 1.8465174 1.3030356 1.8226522 1.5302954 1.8537378 2.5053765 2.2825136 3.4097273 2.5986273 2.6940443 0.0000000 
