33
AKR2B1|P31867.1|Scheffersomyces     0.0000000 0.6559035 0.6604139 0.3584722 0.3113307 0.7692306 0.3650308 0.4174279 0.4578305 0.4576674 1.1425694 1.2593415 0.8439153 1.9183277 1.7888241 1.6870351 1.6803514 1.6845847 1.6964235 2.3393675 1.8593379 2.0699382 1.8162892 2.2777902 3.3426371 3.4183267 3.6474592 3.8044241 4.2453624 4.0843941 4.3227206 3.8902637 4.0595762 
AKR2B2|P49378.1|Kluyveromyces       0.6559035 0.0000000 0.8006131 0.5468150 0.7320528 0.4700922 0.5586165 0.5988761 0.6576308 0.6429705 1.1781772 1.1553209 0.8923207 2.0001436 1.8612789 1.7226031 1.9768858 1.9823265 2.0489253 2.3214263 2.1230744 2.0918124 1.8493814 2.2182943 3.6432110 3.5988436 4.1331202 4.1392544 4.1301134 4.3286787 4.4720832 4.1082483 4.1188587 
AKR2B3|P78736.1|Pachysolen          0.6604139 0.8006131 0.0000000 0.5400098 0.6223477 0.7318851 0.5436581 0.5927433 0.6249909 0.6047337 1.1986456 1.2993311 0.8639732 1.9249730 1.8877348 1.7801736 1.7707616 1.7619749 1.7107303 2.1243364 1.8325875 2.1751413 1.7732852 2.0551224 3.4937350 3.3805392 4.1555026 4.2698689 4.3914017 4.2323063 4.5144256 4.1891788 4.4853857 
AKR2B4|BAA19477.1|Candida           0.3584722 0.5468150 0.5400098 0.0000000 0.2853973 0.7236539 0.0096773 0.3184930 0.2915292 0.2868086 1.0570441 1.2068958 0.6957082 1.9068513 1.6455536 1.4335899 1.7181607 1.7185754 1.6906995 2.1765652 1.8708579 1.9258842 1.7389933 2.1098236 3.3870058 3.3375968 3.5987418 3.9752627 3.9347123 3.8947657 4.2210878 3.8102817 3.9426861 
AKR2B5|AAC25601.1|Yamadazyma        0.3113307 0.7320528 0.6223477 0.2853973 0.0000000 0.8301018 0.2798900 0.4090414 0.4549070 0.4235358 1.2131666 1.3947276 0.8973638 1.8398093 1.7336035 1.6411518 1.6611093 1.6696392 1.6701526 2.2121926 1.8778242 1.9789590 1.6985511 2.3175881 3.2908944 3.2930237 3.6060398 3.7692787 4.1841133 4.1085535 4.4714746 3.8688150 4.0504317 
AKR2B6|NP_011972.1|Saccharomyces    0.7692306 0.4700922 0.7318851 0.7236539 0.8301018 0.0000000 0.7326807 0.6923167 0.7625832 0.7987904 1.1356605 1.1797540 0.9240615 2.0177107 1.9214260 1.8082811 1.9580941 1.9614502 1.9484113 2.1630967 1.9963685 2.2414941 1.8961982 2.1500778 3.3428392 3.2835179 4.2154686 3.9773893 3.9565668 4.3604645 4.7176355 4.2361650 4.2586904 
AKR2B7|BAA19476.1|Candida           0.3650308 0.5586165 0.5436581 0.0096773 0.2798900 0.7326807 0.0000000 0.3224678 0.3020020 0.2903138 1.0843596 1.2340287 0.7203213 1.9233809 1.6522814 1.4233435 1.7288602 1.7292792 1.6947629 2.1735886 1.9101829 1.9151191 1.7483605 2.1140167 3.4551069 3.3713751 3.6612533 3.9036296 4.0258579 3.9671696 4.2466120 3.8973690 3.9734376 
AKR2B8|AAD09330.1|Meyerozyma        0.4174279 0.5988761 0.5927433 0.3184930 0.4090414 0.6923167 0.3224678 0.0000000 0.2358612 0.2628020 1.0826665 1.1780446 0.7730935 1.7972326 1.7605908 1.6301090 1.5424651 1.5428213 1.5286931 2.2132774 1.8105820 1.8439531 1.7457140 2.0522373 3.3100455 3.3616333 3.7831530 3.9385013 3.8218156 4.5270277 4.6109891 4.4075826 4.4190164 
AKR2B9|XP_460932.1|Debaryomyces     0.4578305 0.6576308 0.6249909 0.2915292 0.4549070 0.7625832 0.3020020 0.2358612 0.0000000 0.1045380 1.1118812 1.1927726 0.7515232 1.7512266 1.7174694 1.5220126 1.4921357 1.4924753 1.4762622 2.3177130 1.9317952 1.9607249 1.7963049 2.1104172 3.4450415 3.4775749 3.6886348 3.8660811 4.0337665 4.3188879 4.6670910 4.1907581 4.2350471 
AKR2B10|ALD19729.1|Debaryomyces     0.4576674 0.6429705 0.6047337 0.2868086 0.4235358 0.7987904 0.2903138 0.2628020 0.1045380 0.0000000 1.0874271 1.1626356 0.7636316 1.7895617 1.6629346 1.5615233 1.5832230 1.5835911 1.5822292 2.2173095 1.9825469 1.9088418 1.8095785 2.1407467 3.6022964 3.5936264 3.7965852 3.8586994 4.0119334 4.2275219 4.6525752 4.1676788 4.1478411 
AKR2C1|CAA98021.1|Mucor             1.1425694 1.1781772 1.1986456 1.0570441 1.2131666 1.1356605 1.0843596 1.0826665 1.1118812 1.0874271 0.0000000 0.4184322 0.9157091 1.9085229 1.8223511 1.8270819 1.9912488 1.9932329 1.9899409 2.2365620 2.2606239 2.4852961 1.6971834 2.1313458 3.7432776 4.0322674 4.1830902 4.5244356 4.6607127 4.4121312 4.6330648 4.1607403 4.0737759 
AKR2C2|AHG97682.1|Rhizopus          1.2593415 1.1553209 1.2993311 1.2068958 1.3947276 1.1797540 1.2340287 1.1780446 1.1927726 1.1626356 0.4184322 0.0000000 0.9426163 1.8311374 1.7616013 1.8455418 1.9541167 1.9596376 1.9400283 2.1200546 2.0628819 2.4639623 1.7270245 2.0794484 3.8098288 4.3412208 4.2162608 4.3605397 4.7423797 4.7535813 4.9827546 4.4159975 4.4847224 
AKR2D1|AAF61912.1|Aspergillus       0.8439153 0.8923207 0.8639732 0.6957082 0.8973638 0.9240615 0.7203213 0.7730935 0.7515232 0.7636316 0.9157091 0.9426163 0.0000000 2.0636812 1.8300937 1.7846385 1.9737946 1.9793534 2.0520771 2.4527258 2.2460817 2.2934466 1.8734398 2.2790027 3.5993398 3.9625679 3.9958918 4.2468848 4.4397502 4.4289892 5.0009478 4.2500599 4.1284703 
AKR3A1|P14065.1|Saccharomyces       1.9183277 2.0001436 1.9249730 1.9068513 1.8398093 2.0177107 1.9233809 1.7972326 1.7512266 1.7895617 1.9085229 1.8311374 2.0636812 0.0000000 0.5158670 1.4151714 1.4322485 1.4360991 1.4528784 1.7142031 1.8848193 1.9235596 1.1857441 1.5078242 3.6682285 3.8358250 3.6724148 3.5365601 3.9304867 3.9123198 4.1188538 4.1137878 4.3793426 
AKR3A2|NP_010656.1|Saccharomyces    1.7888241 1.8612789 1.8877348 1.6455536 1.7336035 1.9214260 1.6522814 1.7605908 1.7174694 1.6629346 1.8223511 1.7616013 1.8300937 0.5158670 0.0000000 1.3725673 1.3964531 1.4003287 1.5116188 1.7923424 1.7888889 1.9115471 1.3889515 1.5747204 3.6266773 3.7778835 4.0126192 3.8692214 4.0510700 4.0401666 4.0176978 4.0642850 4.2696676 
AKR3B1|AAB17362.1|Sporidiobolus     1.6870351 1.7226031 1.7801736 1.4335899 1.6411518 1.8082811 1.4233435 1.6301090 1.5220126 1.5615233 1.8270819 1.8455418 1.7846385 1.4151714 1.3725673 0.0000000 0.8373355 0.8492541 0.8885274 1.9967129 2.0262496 2.1204117 1.5623152 1.6002105 3.4849462 3.5388595 3.8025539 3.7877683 3.9840672 3.8919269 4.1185886 3.8759791 3.9605231 
AKR3B2a|BAD90687.1|Moniliella       1.6803514 1.9768858 1.7707616 1.7181607 1.6611093 1.9580941 1.7288602 1.5424651 1.4921357 1.5832230 1.9912488 1.9541167 1.9737946 1.4322485 1.3964531 0.8373355 0.0000000 0.0062241 0.1638914 2.0776659 2.2416494 2.2181440 1.6977025 1.7845093 3.4442306 3.6718264 3.7460311 4.0009849 3.9030315 3.8564412 4.3702822 3.7033574 3.7919767 
AKR3B2b|BAD90688.1|Moniliella       1.6845847 1.9823265 1.7619749 1.7185754 1.6696392 1.9614502 1.7292792 1.5428213 1.4924753 1.5835911 1.9932329 1.9596376 1.9793534 1.4360991 1.4003287 0.8492541 0.0062241 0.0000000 0.1650643 2.0904697 2.2407243 2.2205121 1.6889764 1.7898627 3.4614490 3.6899793 3.7763308 4.0332817 3.9012749 3.8546847 4.3679408 3.7015787 3.7897927 
AKR3B3|BAD90689.1|Moniliella        1.6964235 2.0489253 1.7107303 1.6906995 1.6701526 1.9484113 1.6947629 1.5286931 1.4762622 1.5822292 1.9899409 1.9400283 2.0520771 1.4528784 1.5116188 0.8885274 0.1638914 0.1650643 0.0000000 2.0600012 2.0797479 2.3853934 1.7488870 1.8191648 3.2744497 3.4941258 3.8357844 4.1789308 3.9865254 4.1440986 4.4393192 4.1378121 4.1548949 
AKR3C1|CAA85107.1|Saccharomyces     2.3393675 2.3214263 2.1243364 2.1765652 2.2121926 2.1630967 2.1735886 2.2132774 2.3177130 2.2173095 2.2365620 2.1200546 2.4527258 1.7142031 1.7923424 1.9967129 2.0776659 2.0904697 2.0600012 0.0000000 2.1209380 2.1131133 1.6113617 1.8748176 3.7719866 3.9140982 4.1620810 4.1664071 4.0778353 4.4203962 4.9625154 4.2901514 4.9267131 
AKR3C2|O13848.1|Saccharomyces       1.8593379 2.1230744 1.8325875 1.8708579 1.8778242 1.9963685 1.9101829 1.8105820 1.9317952 1.9825469 2.2606239 2.0628819 2.2460817 1.8848193 1.7888889 2.0262496 2.2416494 2.2407243 2.0797479 2.1209380 0.0000000 1.5663342 1.9324606 2.2564223 3.7405249 3.5932754 3.7869021 3.5988169 3.9074796 4.1471814 4.4199642 4.0508422 4.0645106 
AKR3C3|BAD01653.1|Candida           2.0699382 2.0918124 2.1751413 1.9258842 1.9789590 2.2414941 1.9151191 1.8439531 1.9607249 1.9088418 2.4852961 2.4639623 2.2934466 1.9235596 1.9115471 2.1204117 2.2181440 2.2205121 2.3853934 2.1131133 1.5663342 0.0000000 2.0837428 2.0486835 3.1959739 3.2748474 3.1159195 3.2913148 3.4978624 3.6114647 4.0058756 3.5363600 3.4025642 
AKR3D1|AAK55762.1|Pyricularia       1.8162892 1.8493814 1.7732852 1.7389933 1.6985511 1.8961982 1.7483605 1.7457140 1.7963049 1.8095785 1.6971834 1.7270245 1.8734398 1.1857441 1.3889515 1.5623152 1.6977025 1.6889764 1.7488870 1.6113617 1.9324606 2.0837428 0.0000000 1.7988532 4.0047161 4.0507302 3.6074431 3.5427073 3.9061194 4.1341743 4.1111006 3.9351068 3.8183067 
AKR3E1|CAD43580.1|Pencillium        2.2777902 2.2182943 2.0551224 2.1098236 2.3175881 2.1500778 2.1140167 2.0522373 2.1104172 2.1407467 2.1313458 2.0794484 2.2790027 1.5078242 1.5747204 1.6002105 1.7845093 1.7898627 1.8191648 1.8748176 2.2564223 2.0486835 1.7988532 0.0000000 3.8325346 3.6894442 3.5197616 3.4836592 3.6325397 3.9507785 3.9975308 3.9108641 4.0837180 
AKR8A1|O14295.1|Schizosaccharomyces 3.3426371 3.6432110 3.4937350 3.3870058 3.2908944 3.3428392 3.4551069 3.3100455 3.4450415 3.6022964 3.7432776 3.8098288 3.5993398 3.6682285 3.6266773 3.4849462 3.4442306 3.4614490 3.2744497 3.7719866 3.7405249 3.1959739 4.0047161 3.8325346 0.0000000 0.3331318 3.1244778 3.1444428 3.0674731 3.5493955 3.9147460 3.3654070 3.4964308 
AKR8A2|O94521.1|Schizosaccharomyces 3.4183267 3.5988436 3.3805392 3.3375968 3.2930237 3.2835179 3.3713751 3.3616333 3.4775749 3.5936264 4.0322674 4.3412208 3.9625679 3.8358250 3.7778835 3.5388595 3.6718264 3.6899793 3.4941258 3.9140982 3.5932754 3.2748474 4.0507302 3.6894442 0.3331318 0.0000000 2.8873687 2.9794957 2.9214639 3.3251726 3.7417892 3.1594269 3.2754294 
AKR9A1|Q00727.2|Aspergillus         3.6474592 4.1331202 4.1555026 3.5987418 3.6060398 4.2154686 3.6612533 3.7831530 3.6886348 3.7965852 4.1830902 4.2162608 3.9958918 3.6724148 4.0126192 3.8025539 3.7460311 3.7763308 3.8357844 4.1620810 3.7869021 3.1159195 3.6074431 3.5197616 3.1244778 2.8873687 0.0000000 0.5152357 1.1771306 1.1730231 1.3697564 1.1109585 1.2564149 
AKR9A2|Q00049.2|Aspergillus         3.8044241 4.1392544 4.2698689 3.9752627 3.7692787 3.9773893 3.9036296 3.9385013 3.8660811 3.8586994 4.5244356 4.3605397 4.2468848 3.5365601 3.8692214 3.7877683 4.0009849 4.0332817 4.1789308 4.1664071 3.5988169 3.2913148 3.5427073 3.4836592 3.1444428 2.9794957 0.5152357 0.0000000 1.0397707 1.0415830 1.2394792 1.0033186 1.0517033 
AKR9A3|Q01752.1|Phanerochaete       4.2453624 4.1301134 4.3914017 3.9347123 4.1841133 3.9565668 4.0258579 3.8218156 4.0337665 4.0119334 4.6607127 4.7423797 4.4397502 3.9304867 4.0510700 3.9840672 3.9030315 3.9012749 3.9865254 4.0778353 3.9074796 3.4978624 3.9061194 3.6325397 3.0674731 2.9214639 1.1771306 1.0397707 0.0000000 0.9064577 1.1225187 0.8671750 0.9580759 
AKR9B1|NP_014068.1|Saccharomyces    4.0843941 4.3286787 4.2323063 3.8947657 4.1085535 4.3604645 3.9671696 4.5270277 4.3188879 4.2275219 4.4121312 4.7535813 4.4289892 3.9123198 4.0401666 3.8919269 3.8564412 3.8546847 4.1440986 4.4203962 4.1471814 3.6114647 4.1341743 3.9507785 3.5493955 3.3251726 1.1730231 1.0415830 0.9064577 0.0000000 0.3309574 0.0763331 0.1129905 
AKR9B2|NP_010032.1|Saccharomyces    4.3227206 4.4720832 4.5144256 4.2210878 4.4714746 4.7176355 4.2466120 4.6109891 4.6670910 4.6525752 4.6330648 4.9827546 5.0009478 4.1188538 4.0176978 4.1185886 4.3702822 4.3679408 4.4393192 4.9625154 4.4199642 4.0058756 4.1111006 3.9975308 3.9147460 3.7417892 1.3697564 1.2394792 1.1225187 0.3309574 0.0000000 0.2613943 0.2517582 
AKR9B3|NP_010038.1|Saccharomyces    3.8902637 4.1082483 4.1891788 3.8102817 3.8688150 4.2361650 3.8973690 4.4075826 4.1907581 4.1676788 4.1607403 4.4159975 4.2500599 4.1137878 4.0642850 3.8759791 3.7033574 3.7015787 4.1378121 4.2901514 4.0508422 3.5363600 3.9351068 3.9108641 3.3654070 3.1594269 1.1109585 1.0033186 0.8671750 0.0763331 0.2613943 0.0000000 0.0830960 
AKR9B4|NP_012689.1|Saccharomyces    4.0595762 4.1188587 4.4853857 3.9426861 4.0504317 4.2586904 3.9734376 4.4190164 4.2350471 4.1478411 4.0737759 4.4847224 4.1284703 4.3793426 4.2696676 3.9605231 3.7919767 3.7897927 4.1548949 4.9267131 4.0645106 3.4025642 3.8183067 4.0837180 3.4964308 3.2754294 1.2564149 1.0517033 0.9580759 0.1129905 0.2517582 0.0830960 0.0000000 
