33
AKR2B1|P31867.1|Scheffersomyces     0.0000000 0.6559315 0.6604422 0.3584817 0.3113377 0.7692671 0.3650411 0.4174387 0.4578432 0.4576804 1.1426412 1.2594276 0.8439576 1.9184857 1.7889672 1.6871712 1.6804855 1.6847192 1.6965601 2.3395836 1.8595044 2.0701181 1.8164357 2.2780023 3.3430463 3.4187314 3.6479317 3.8049267 4.2459885 4.0849520 4.3233385 3.8907975 4.0601396 
AKR2B2|P49378.1|Kluyveromyces       0.6559315 0.0000000 0.8006529 0.5468368 0.7320843 0.4701093 0.5586394 0.5988999 0.6576581 0.6429970 1.1782539 1.1553923 0.8923735 2.0003121 1.8614266 1.7227397 1.9770524 1.9824936 2.0491025 2.3216441 2.1232660 2.0919894 1.8495278 2.2184995 3.6436859 3.5993011 4.1337230 4.1398663 4.1307089 4.3293166 4.4727329 4.1088442 4.1194484 
AKR2B3|P78736.1|Pachysolen          0.6604422 0.8006529 0.0000000 0.5400311 0.6223725 0.7319185 0.5436799 0.5927637 0.6250161 0.6047580 1.1987205 1.2994165 0.8640197 1.9251294 1.8878896 1.7803250 1.7709037 1.7621154 1.7108683 2.1245180 1.8327407 2.1753364 1.7734265 2.0553046 3.4941766 3.3809539 4.1561075 4.2704928 4.3920467 4.2328848 4.5150734 4.1897581 4.4860472 
AKR2B4|BAA19477.1|Candida           0.3584817 0.5468368 0.5400311 0.0000000 0.2854035 0.7236855 0.0096773 0.3185007 0.2915351 0.2868144 1.0571039 1.2069694 0.6957383 1.9070093 1.6456808 1.4336943 1.7182946 1.7187094 1.6908333 2.1767559 1.8710208 1.9260448 1.7391292 2.1100120 3.3874294 3.3380078 3.5992043 3.9758287 3.9352750 3.8953098 4.2217106 3.8108253 3.9432681 
AKR2B5|AAC25601.1|Yamadazyma        0.3113377 0.7320843 0.6223725 0.2854035 0.0000000 0.8301427 0.2798961 0.4090518 0.4549199 0.4235473 1.2132435 1.3948237 0.8974109 1.8399569 1.7337413 1.6412779 1.6612382 1.6697695 1.6702868 2.2123919 1.8779950 1.9791326 1.6986837 2.3178069 3.2912816 3.2934129 3.6065020 3.7697725 4.1847053 4.1091230 4.4721571 3.8693456 4.0510197 
AKR2B6|NP_011972.1|Saccharomyces    0.7692671 0.4701093 0.7319185 0.7236855 0.8301427 0.0000000 0.7327136 0.6923470 0.7626171 0.7988264 1.1357341 1.1798262 0.9241145 2.0178828 1.9215819 1.8084308 1.9582612 1.9616176 1.9485796 2.1632926 1.9965449 2.2416981 1.8963545 2.1502690 3.3432655 3.2839212 4.2161213 3.9779602 3.9571394 4.3611501 4.7183959 4.2368172 4.2593532 
AKR2B7|BAA19476.1|Candida           0.3650411 0.5586394 0.5436799 0.0096773 0.2798961 0.7327136 0.0000000 0.3224759 0.3020086 0.2903200 1.0844221 1.2341053 0.7203534 1.9235424 1.6524103 1.4234475 1.7289963 1.7294154 1.6948975 2.1737787 1.9103519 1.9152800 1.7484978 2.1142073 3.4555457 3.3717929 3.6617304 3.9041789 4.0264406 3.9677310 4.2472397 3.8979343 3.9740259 
AKR2B8|AAD09330.1|Meyerozyma        0.4174387 0.5988999 0.5927637 0.3185007 0.4090518 0.6923470 0.3224759 0.0000000 0.2358661 0.2628076 1.0827320 1.1781198 0.7731338 1.7973753 1.7607292 1.6302409 1.5425809 1.5429372 1.5288121 2.2134711 1.8107372 1.8441035 1.7458517 2.0524162 3.3104264 3.3620228 3.7836447 3.9390480 3.8223404 4.5277533 4.6117347 4.4082851 4.4197259 
AKR2B9|XP_460932.1|Debaryomyces     0.4578432 0.6576581 0.6250161 0.2915351 0.4549199 0.7626171 0.3020086 0.2358661 0.0000000 0.1045388 1.1119479 1.1928488 0.7515608 1.7513659 1.7176042 1.5221297 1.4922467 1.4925865 1.4763760 2.3179258 1.9319735 1.9608918 1.7964484 2.1106044 3.4454598 3.4779985 3.6891101 3.8666187 4.0343476 4.3195433 4.6678503 4.1914049 4.2357203 
AKR2B10|ALD19729.1|Debaryomyces     0.4576804 0.6429970 0.6047580 0.2868144 0.4235473 0.7988264 0.2903200 0.2628076 0.1045388 0.0000000 1.0874927 1.1627107 0.7636704 1.7897033 1.6630592 1.5616436 1.5833403 1.5837086 1.5823516 2.2175064 1.9827289 1.9090058 1.8097202 2.1409389 3.6027432 3.5940735 3.7970681 3.8592215 4.0124823 4.2281343 4.6533074 4.1683028 4.1484655 
AKR2C1|CAA98021.1|Mucor             1.1426412 1.1782539 1.1987205 1.0571039 1.2132435 1.1357341 1.0844221 1.0827320 1.1119479 1.0874927 0.0000000 0.4184435 0.9157569 1.9086798 1.8224985 1.8272364 1.9914199 1.9934043 1.9901130 2.2367591 2.2608355 2.4855415 1.6973167 2.1315295 3.7437586 4.0327977 4.1836878 4.5251179 4.6614148 4.4127678 4.6337551 4.1613289 4.0743455 
AKR2C2|AHG97682.1|Rhizopus          1.2594276 1.1553923 1.2994165 1.2069694 1.3948237 1.1798262 1.2341053 1.1781198 1.1928488 1.1627107 0.4184435 0.0000000 0.9426682 1.8312843 1.7617390 1.8456974 1.9542862 1.9598075 1.9401941 2.1202385 2.0630615 2.4642099 1.7271617 2.0796280 3.8103173 4.3418285 4.2168456 4.3611775 4.7431309 4.7543059 4.9835207 4.4166388 4.4853724 
AKR2D1|AAF61912.1|Aspergillus       0.8439576 0.8923735 0.8640197 0.6957383 0.8974109 0.9241145 0.7203534 0.7731338 0.7515608 0.7636704 0.9157569 0.9426682 0.0000000 2.0638618 1.8302452 1.7847902 1.9739688 1.9795281 2.0522615 2.4529586 2.2462922 2.2936537 1.8735946 2.2792070 3.5997863 3.9631017 3.9964176 4.2474978 4.4404154 4.4296337 5.0017063 4.2506756 4.1290410 
AKR3A1|P14065.1|Saccharomyces       1.9184857 2.0003121 1.9251294 1.9070093 1.8399569 2.0178828 1.9235424 1.7973753 1.7513659 1.7897033 1.9086798 1.8312843 2.0638618 0.0000000 0.5158851 1.4152780 1.4323529 1.4362040 1.4529872 1.7143437 1.8849850 1.9237185 1.1858246 1.5079385 3.6686851 3.8363494 3.6728819 3.5369750 3.9310263 3.9128197 4.1194125 4.1143362 4.3799625 
AKR3A2|NP_010656.1|Saccharomyces    1.7889672 1.8614266 1.8878896 1.6456808 1.7337413 1.9215819 1.6524103 1.7607292 1.7176042 1.6630592 1.8224985 1.7617390 1.8302452 0.5158851 0.0000000 1.3726667 1.3965566 1.4004328 1.5117365 1.7924912 1.7890404 1.9117062 1.3890530 1.5748424 3.6271301 3.7783887 4.0131698 3.8697204 4.0516405 4.0407064 4.0182421 4.0648316 4.2702682 
AKR3B1|AAB17362.1|Sporidiobolus     1.6871712 1.7227397 1.7803250 1.4336943 1.6412779 1.8084308 1.4234475 1.6302409 1.5221297 1.5616436 1.8272364 1.8456974 1.7847902 1.4152780 1.3726667 0.0000000 0.8373843 0.8493044 0.8885819 1.9968806 2.0264344 2.1206029 1.5624396 1.6003413 3.4853760 3.5393302 3.8030686 3.7882933 3.9846067 3.8924477 4.1191676 3.8765163 3.9610737 
AKR3B2a|BAD90687.1|Moniliella       1.6804855 1.9770524 1.7709037 1.7182946 1.6612382 1.9582612 1.7289963 1.5425809 1.4922467 1.5833403 1.9914199 1.9542862 1.9739688 1.4323529 1.3965566 0.8373843 0.0000000 0.0062241 0.1638938 2.0778498 2.2418565 2.2183419 1.6978413 1.7846630 3.4446590 3.6723097 3.7465354 4.0015582 3.9035795 3.8569597 4.3709586 3.7038528 3.7925086 
AKR3B2b|BAD90688.1|Moniliella       1.6847192 1.9824936 1.7621154 1.7187094 1.6697695 1.9616176 1.7294154 1.5429372 1.4925865 1.5837086 1.9934043 1.9598075 1.9795281 1.4362040 1.4004328 0.8493044 0.0062241 0.0000000 0.1650670 2.0906558 2.2409311 2.2207103 1.6891136 1.7900176 3.4618850 3.6904713 3.7768402 4.0338606 3.9018225 3.8552028 4.3686166 3.7020736 3.7903239 
AKR3B3|BAD90689.1|Moniliella        1.6965601 2.0491025 1.7108683 1.6908333 1.6702868 1.9485796 1.6948975 1.5288121 1.4763760 1.5823516 1.9901130 1.9401941 2.0522615 1.4529872 1.5117365 0.8885819 0.1638938 0.1650670 0.0000000 2.0601858 2.0799336 2.3856170 1.7490322 1.8193264 3.2748584 3.4945857 3.8363029 4.1795615 3.9870890 4.1446920 4.4400023 4.1384166 4.1555235 
AKR3C1|CAA85107.1|Saccharomyces     2.3395836 2.3216441 2.1245180 2.1767559 2.2123919 2.1632926 2.1737787 2.2134711 2.3179258 2.2175064 2.2367591 2.1202385 2.4529586 1.7143437 1.7924912 1.9968806 2.0778498 2.0906558 2.0601858 0.0000000 2.1211295 2.1133010 1.6114856 1.8749758 3.7724593 3.9146348 4.1626287 4.1669478 4.0783961 4.4209692 4.9632411 4.2907157 4.9274404 
AKR3C2|O13848.1|Saccharomyces       1.8595044 2.1232660 1.8327407 1.8710208 1.8779950 1.9965449 1.9103519 1.8107372 1.9319735 1.9827289 2.2608355 2.0630615 2.2462922 1.8849850 1.7890404 2.0264344 2.2418565 2.2409311 2.0799336 2.1211295 0.0000000 1.5664518 1.9326342 2.2566416 3.7410415 3.5937687 3.7873828 3.5992521 3.9079794 4.1477107 4.4205601 4.0513641 4.0650364 
AKR3C3|BAD01653.1|Candida           2.0701181 2.0919894 2.1753364 1.9260448 1.9791326 2.2416981 1.9152800 1.8441035 1.9608918 1.9090058 2.4855415 2.4642099 2.2936537 1.9237185 1.9117062 2.1206029 2.2183419 2.2207103 2.3856170 2.1133010 1.5664518 0.0000000 2.0839339 2.0488616 3.1963730 3.2752714 3.1162754 3.2917183 3.4983071 3.6119379 4.0064437 3.5368323 3.4030188 
AKR3D1|AAK55762.1|Pyricularia       1.8164357 1.8495278 1.7734265 1.7391292 1.6986837 1.8963545 1.7484978 1.7458517 1.7964484 1.8097202 1.6973167 1.7271617 1.8735946 1.1858246 1.3890530 1.5624396 1.6978413 1.6891136 1.7490322 1.6114856 1.9326342 2.0839339 0.0000000 1.7989987 4.0052371 4.0512610 3.6079215 3.5431553 3.9066415 4.1347605 4.1116684 3.9356526 3.8188310 
AKR3E1|CAD43580.1|Pencillium        2.2780023 2.2184995 2.0553046 2.1100120 2.3178069 2.1502690 2.1142073 2.0524162 2.1106044 2.1409389 2.1315295 2.0796280 2.2792070 1.5079385 1.5748424 1.6003413 1.7846630 1.7900176 1.8193264 1.8749758 2.2566416 2.0488616 1.7989987 0.0000000 3.8330421 3.6899391 3.5202245 3.4841022 3.6330108 3.9513244 3.9980792 3.9113885 4.0842704 
AKR8A1|O14295.1|Schizosaccharomyces 3.3430463 3.6436859 3.4941766 3.3874294 3.2912816 3.3432655 3.4555457 3.3104264 3.4454598 3.6027432 3.7437586 3.8103173 3.5997863 3.6686851 3.6271301 3.4853760 3.4446590 3.4618850 3.2748584 3.7724593 3.7410415 3.1963730 4.0052371 3.8330421 0.0000000 0.3331388 3.1248691 3.1448202 3.0678099 3.5498494 3.9152808 3.3658275 3.4968743 
AKR8A2|O94521.1|Schizosaccharomyces 3.4187314 3.5993011 3.3809539 3.3380078 3.2934129 3.2839212 3.3717929 3.3620228 3.4779985 3.5940735 4.0327977 4.3418285 3.9631017 3.8363494 3.7783887 3.5393302 3.6723097 3.6904713 3.4945857 3.9146348 3.5937687 3.2752714 4.0512610 3.6899391 0.3331388 0.0000000 2.8877011 2.9798381 2.9217898 3.3255902 3.7423067 3.1598248 3.2758532 
AKR9A1|Q00727.2|Aspergillus         3.6479317 4.1337230 4.1561075 3.5992043 3.6065020 4.2161213 3.6617304 3.7836447 3.6891101 3.7970681 4.1836878 4.2168456 3.9964176 3.6728819 4.0131698 3.8030686 3.7465354 3.7768402 3.8363029 4.1626287 3.7873828 3.1162754 3.6079215 3.5202245 3.1248691 2.8877011 0.0000000 0.5152521 1.1772036 1.1731053 1.3698559 1.1110324 1.2565039 
AKR9A2|Q00049.2|Aspergillus         3.8049267 4.1398663 4.2704928 3.9758287 3.7697725 3.9779602 3.9041789 3.9390480 3.8666187 3.8592215 4.5251179 4.3611775 4.2474978 3.5369750 3.8697204 3.7882933 4.0015582 4.0338606 4.1795615 4.1669478 3.5992521 3.2917183 3.5431553 3.4841022 3.1448202 2.9798381 0.5152521 0.0000000 1.0398316 1.0416480 1.2395615 1.0033797 1.0517702 
AKR9A3|Q01752.1|Phanerochaete       4.2459885 4.1307089 4.3920467 3.9352750 4.1847053 3.9571394 4.0264406 3.8223404 4.0343476 4.0124823 4.6614148 4.7431309 4.4404154 3.9310263 4.0516405 3.9846067 3.9035795 3.9018225 3.9870890 4.0783961 3.9079794 3.4983071 3.9066415 3.6330108 3.0678099 2.9217898 1.1772036 1.0398316 0.0000000 0.9065129 1.1225940 0.8672275 0.9581375 
AKR9B1|NP_014068.1|Saccharomyces    4.0849520 4.3293166 4.2328848 3.8953098 4.1091230 4.3611501 3.9677310 4.5277533 4.3195433 4.2281343 4.4127678 4.7543059 4.4296337 3.9128197 4.0407064 3.8924477 3.8569597 3.8552028 4.1446920 4.4209692 4.1477107 3.6119379 4.1347605 3.9513244 3.5498494 3.3255902 1.1731053 1.0416480 0.9065129 0.0000000 0.3309681 0.0763337 0.1129919 
AKR9B2|NP_010032.1|Saccharomyces    4.3233385 4.4727329 4.5150734 4.2217106 4.4721571 4.7183959 4.2472397 4.6117347 4.6678503 4.6533074 4.6337551 4.9835207 5.0017063 4.1194125 4.0182421 4.1191676 4.3709586 4.3686166 4.4400023 4.9632411 4.4205601 4.0064437 4.1116684 3.9980792 3.9152808 3.7423067 1.3698559 1.2395615 1.1225940 0.3309681 0.0000000 0.2614013 0.2517651 
AKR9B3|NP_010038.1|Saccharomyces    3.8907975 4.1088442 4.1897581 3.8108253 3.8693456 4.2368172 3.8979343 4.4082851 4.1914049 4.1683028 4.1613289 4.4166388 4.2506756 4.1143362 4.0648316 3.8765163 3.7038528 3.7020736 4.1384166 4.2907157 4.0513641 3.5368323 3.9356526 3.9113885 3.3658275 3.1598248 1.1110324 1.0033797 0.8672275 0.0763337 0.2614013 0.0000000 0.0830968 
AKR9B4|NP_012689.1|Saccharomyces    4.0601396 4.1194484 4.4860472 3.9432681 4.0510197 4.2593532 3.9740259 4.4197259 4.2357203 4.1484655 4.0743455 4.4853724 4.1290410 4.3799625 4.2702682 3.9610737 3.7925086 3.7903239 4.1555235 4.9274404 4.0650364 3.4030188 3.8188310 4.0842704 3.4968743 3.2758532 1.2565039 1.0517702 0.9581375 0.1129919 0.2517651 0.0830968 0.0000000 
