15
AKR1A1|NP_006057.1|Homo  0.0000000 0.9369517 0.9940182 1.1001506 1.2052593 1.2060633 1.2863874 1.2019066 1.1839731 1.2128467 3.0269860 2.8895271 3.2173717 2.7733431 3.0449327 
AKR1B1|NP_001619.1|Homo  0.9369517 0.0000000 0.3994406 0.4656591 0.9992258 0.9878081 1.0078184 0.9883193 0.9117355 0.6609139 2.7377319 2.7762649 3.1036650 3.1738252 3.3669665 
AKR1B10|NP_064695.3|Homo 0.9940182 0.3994406 0.0000000 0.0901864 1.0505944 1.0233625 1.0451637 1.0461107 0.9235013 0.7305683 2.8321966 2.8869903 3.2522171 3.2255409 3.4176820 
AKR1B15|EAL24068.1|Homo  1.1001506 0.4656591 0.0901864 0.0000000 1.1104425 1.0962894 1.1165287 1.1287005 1.0126312 0.8370771 3.0655581 3.1400027 3.5095986 3.4038971 3.6124774 
AKR1C1|NP_001344.2|Homo  1.2052593 0.9992258 1.0505944 1.1104425 0.0000000 0.0224279 0.1414109 0.2044123 0.6878222 1.1268737 2.9102504 2.9469265 3.1020249 3.0554179 3.1278656 
AKR1C2|NP_001345.1|Homo  1.2060633 0.9878081 1.0233625 1.0962894 0.0224279 0.0000000 0.1528467 0.2205136 0.6905547 1.1290258 2.8448954 2.8764742 3.0175656 3.0531176 3.2050380 
AKR1C3|NP_003730.4|Homo  1.2863874 1.0078184 1.0451637 1.1165287 0.1414109 0.1528467 0.0000000 0.1899470 0.7507384 1.1646532 2.9251839 2.9365720 3.0009724 3.0949968 3.2066616 
AKR1C4|P17516.3|Homo     1.2019066 0.9883193 1.0461107 1.1287005 0.2044123 0.2205136 0.1899470 0.0000000 0.7192010 1.0829886 2.8557438 2.8137057 2.9846537 3.0646151 3.1320687 
AKR1D1|NP_005980.1|Homo  1.1839731 0.9117355 0.9235013 1.0126312 0.6878222 0.6905547 0.7507384 0.7192010 0.0000000 1.0582207 3.1040016 3.1062885 3.4740911 3.0193909 3.2522217 
AKR1E2|Q96JD6.2|Homo     1.2128467 0.6609139 0.7305683 0.8370771 1.1268737 1.1290258 1.1646532 1.0829886 1.0582207 0.0000000 2.9355156 3.0932206 3.1839690 3.3737591 3.5964252 
AKR6A3||S66503|Homo      3.0269860 2.7377319 2.8321966 3.0655581 2.9102504 2.8448954 2.9251839 2.8557438 3.1040016 2.9355156 0.0000000 0.2148710 0.3963898 2.7300292 2.8866394 
AKR6A5|AAB99859.1|Homo   2.8895271 2.7762649 2.8869903 3.1400027 2.9469265 2.8764742 2.9365720 2.8137057 3.1062885 3.0932206 0.2148710 0.0000000 0.3703631 2.7180383 2.8497959 
AKR6A9|NP_004723.2|Homo  3.2173717 3.1036650 3.2522171 3.5095986 3.1020249 3.0175656 3.0009724 2.9846537 3.4740911 3.1839690 0.3963898 0.3703631 0.0000000 2.5306416 2.8561441 
AKR7A2|NP_003680.2|Homo  2.7733431 3.1738252 3.2255409 3.4038971 3.0554179 3.0531176 3.0949968 3.0646151 3.0193909 3.3737591 2.7300292 2.7180383 2.5306416 0.0000000 0.1395894 
AKR7A3|NP_036199.2|Homo  3.0449327 3.3669665 3.4176820 3.6124774 3.1278656 3.2050380 3.2066616 3.1320687 3.2522217 3.5964252 2.8866394 2.8497959 2.8561441 0.1395894 0.0000000 
