10
AKR1F1|AAD38635.1|Drosophila     0.0000000 0.9725603 1.9300167 1.5306840 1.6021675 1.4890221 1.4524046 1.3014659 1.4610373 3.4168642 
AKR1H1|AFV36370.1|Reticulitermes 0.9725603 0.0000000 1.5162907 1.3824433 1.5684931 1.3698631 1.3761121 1.6302475 1.3991067 3.6100660 
AKR1I1|5KET_A|Coptotermes        1.9300167 1.5162907 0.0000000 1.8479959 2.1699164 1.7461696 1.9873830 1.7621482 1.8921404 3.7172229 
AKR2E1|CAB41997.1|Spodoptera     1.5306840 1.3824433 1.8479959 0.0000000 1.5703754 1.3197407 1.4039717 1.5147723 1.2608332 3.5994149 
AKR2E2|AAL73387.1|Trichoplusia   1.6021675 1.5684931 2.1699164 1.5703754 0.0000000 0.6731238 1.5220883 1.4806453 1.4174743 3.6973853 
AKR2E4|BAL70378.1|Bombyx         1.4890221 1.3698631 1.7461696 1.3197407 0.6731238 0.0000000 1.4001753 1.1870887 1.1138306 3.3483004 
AKR2E5|BAR91212.1|Bombyx         1.4524046 1.3761121 1.9873830 1.4039717 1.5220883 1.4001753 0.0000000 1.4638171 1.2257236 3.5417467 
AKR2E6|BBD35022.1|Bombyx         1.3014659 1.6302475 1.7621482 1.5147723 1.4806453 1.1870887 1.4638171 0.0000000 0.8443601 3.3648695 
AKR2E8|BCN86447.1|Bombyx         1.4610373 1.3991067 1.8921404 1.2608332 1.4174743 1.1138306 1.2257236 0.8443601 0.0000000 3.5113370 
AKR6B1|AAC46631.1|Drosophila     3.4168642 3.6100660 3.7172229 3.5994149 3.6973853 3.3483004 3.5417467 3.3648695 3.5113370 0.0000000 
