10
AKR1H1|AFV36370.1|Reticulitermes 0.0000000 1.5193668 1.3849770 1.5718193 0.9739255 1.3724043 1.3786858 1.6336735 1.4017636 3.6225582 
AKR1I1|5KET_A|Coptotermes        1.5193668 0.0000000 1.8521238 2.1752627 1.9343989 1.7498980 1.9918239 1.7660304 1.8964486 3.7306194 
AKR2E1|CAB41997.1|Spodoptera     1.3849770 1.8521238 0.0000000 1.5734596 1.5336298 1.3220843 1.4064388 1.5176985 1.2629293 3.6123899 
AKR2E2|AAL73387.1|Trichoplusia   1.5718193 2.1752627 1.5734596 0.0000000 1.6054298 0.6739129 1.5251222 1.4835371 1.4200419 3.7104999 
AKR2E3|AAD38635.1|Drosophila     0.9739255 1.9343989 1.5336298 1.6054298 0.0000000 1.4918685 1.4551946 1.3037148 1.4636701 3.4284785 
AKR2E4|BAL70378.1|Bombyx         1.3724043 1.7498980 1.3220843 0.6739129 1.4918685 0.0000000 1.4027084 1.1890242 1.1155938 3.3593951 
AKR2E5|BAR91212.1|Bombyx         1.3786858 1.9918239 1.4064388 1.5251222 1.4551946 1.4027084 0.0000000 1.4663864 1.2276821 3.5537909 
AKR2E6|BBD35022.1|Bombyx         1.6336735 1.7660304 1.5176985 1.4835371 1.3037148 1.1890242 1.4663864 0.0000000 0.8453807 3.3761321 
AKR2E7|BCN86447.1|Bombyx         1.4017636 1.8964486 1.2629293 1.4200419 1.4636701 1.1155938 1.2276821 0.8453807 0.0000000 3.5236223 
AKR6B1|AAC46631.1|Drosophila     3.6225582 3.7306194 3.6123899 3.7104999 3.4284785 3.3593951 3.5537909 3.3761321 3.5236223 0.0000000 
