15
AKR1B2|P15122.3|Oryctolagus|cuniculus|Animalia|Mammalia|Lagomorpha 0.0000000 0.4207971 1.1300977 1.1628952 1.2041007 1.2413516 1.0832429 1.1618555 1.1521641 1.1882904 1.2357896 1.2034444 4.2748685 4.2805743 4.2012943 
AKR1B19|NP_001254517.1|Oryctolagus                                 0.4207971 0.0000000 1.2066161 1.2752883 1.2698478 1.3210718 1.1539734 1.2871620 1.2123706 1.2454846 1.2854629 1.1838181 4.0821854 3.9455044 3.8742561 
AKR1C5|P80508.1|Oryctolagus                                        1.1300977 1.2066161 0.0000000 0.2532930 0.2618697 0.2663358 0.1875410 0.2270134 0.2305100 0.1000683 0.3011598 0.8075193 3.6018875 3.5042740 3.4881513 
AKR1C26|BAM37087.1|Oryctolagus                                     1.1628952 1.2752883 0.2532930 0.0000000 0.1416707 0.1528247 0.2641069 0.2791707 0.2792800 0.2254562 0.3668099 0.8856459 3.6823013 3.6733059 3.6857762 
AKR1C27|BAM37088.1|Oryctolagus                                     1.2041007 1.2698478 0.2618697 0.1416707 0.0000000 0.0498921 0.2283507 0.2550160 0.2445155 0.2328077 0.3489655 0.8600582 3.6542418 3.5738292 3.5858743 
AKR1C28|BAM37089.1|Oryctolagus                                     1.2413516 1.3210718 0.2663358 0.1528247 0.0498921 0.0000000 0.2284934 0.2599870 0.2529627 0.2371033 0.3512083 0.8617579 3.6852228 3.6256115 3.6378341 
AKR1C29|BAN20006.1|Oryctolagus                                     1.0832429 1.1539734 0.1875410 0.2641069 0.2283507 0.2284934 0.0000000 0.1917741 0.1783947 0.1849149 0.2988174 0.7441308 3.4474627 3.1517909 3.1615911 
AKR1C30|BAN84250.1|Oryctolagus                                     1.1618555 1.2871620 0.2270134 0.2791707 0.2550160 0.2599870 0.1917741 0.0000000 0.0707736 0.1922948 0.3683695 0.8020633 3.7392811 3.5253096 3.5370438 
AKR1C31|BAN84251.1|Oryctolagus                                     1.1521641 1.2123706 0.2305100 0.2792800 0.2445155 0.2529627 0.1783947 0.0707736 0.0000000 0.1937398 0.3453703 0.7650770 3.6425361 3.4093347 3.4203748 
AKR1C32|BAN84252.1|Oryctolagus                                     1.1882904 1.2454846 0.1000683 0.2254562 0.2328077 0.2371033 0.1849149 0.1922948 0.1937398 0.0000000 0.2943611 0.7788071 3.5991303 3.4576341 3.4539074 
AKR1C33|BAN84253.1|Oryctolagus                                     1.2357896 1.2854629 0.3011598 0.3668099 0.3489655 0.3512083 0.2988174 0.3683695 0.3453703 0.2943611 0.0000000 0.8068782 3.6294289 3.7794689 3.7923060 
AKR1D3|BAA82867.1|Oryctolagus                                      1.2034444 1.1838181 0.8075193 0.8856459 0.8600582 0.8617579 0.7441308 0.8020633 0.7650770 0.7788071 0.8068782 0.0000000 4.6875860 4.6578767 4.6236916 
AKR6A6|AAF65463.2|Oryctolagus                                      4.2748685 4.0821854 3.6018875 3.6823013 3.6542418 3.6852228 3.4474627 3.7392811 3.6425361 3.5991303 3.6294289 4.6875860 0.0000000 0.2284709 0.2199855 
AKR6A7|AAD37853.1|Oryctolagus                                      4.2805743 3.9455044 3.5042740 3.6733059 3.5738292 3.6256115 3.1517909 3.5253096 3.4093347 3.4576341 3.7794689 4.6578767 0.2284709 0.0000000 0.1301244 
AKR6A10b|AAD37854.1|Oryctolagus                                    4.2012943 3.8742561 3.4881513 3.6857762 3.5858743 3.6378341 3.1615911 3.5370438 3.4203748 3.4539074 3.7923060 4.6236916 0.2199855 0.1301244 0.0000000 
