78
AKR1A1|NP_006057.1|Homo                                            0.0000000 0.0657107 0.0689339 0.0756203 1.3327125 1.3304248 1.3298976 1.3335802 1.4168535 1.2898869 1.4584028 1.4066726 1.4752948 1.4315405 1.4412938 1.4919974 1.5619245 1.5385641 1.4013331 1.7829162 1.7831392 1.9395020 1.8272887 1.8857184 1.9502292 1.9128903 2.0515770 2.0854783 1.8677479 2.0030634 1.9456583 2.0632460 2.0084297 1.9616155 2.0267232 1.9915668 1.9904839 1.8585901 2.0145092 1.9343821 1.8679872 2.0807488 1.8556518 1.8697458 1.8524331 1.8968825 1.8140977 1.8465217 1.8619088 1.7873339 1.8406535 1.9329127 2.0055858 1.7631934 1.6740147 1.8172366 7.1391173 1.5504783 1.7115001 4.6664541 4.7069258 4.7984297 4.8313440 4.6813342 4.6908039 4.7984297 4.7984297 5.2441020 4.6819463 4.8121938 5.1348343 4.7984297 5.2769360 4.9738490 4.5203935 4.9799538 4.7039563 4.9599746 
AKR1A2|P50578.3|Sus                                                0.0657107 0.0000000 0.0843394 0.0984685 1.3344914 1.3101253 1.3257597 1.3294194 1.3834632 1.2808219 1.4332692 1.4153596 1.4573564 1.3810940 1.4402650 1.4681954 1.5473102 1.5141456 1.3853359 1.7487695 1.7627918 1.8907056 1.8108922 1.8668574 1.8667261 1.8845409 2.0247758 2.0502316 1.8647383 1.9519024 1.8963849 2.0335917 1.9969442 1.9006351 1.9671751 1.9635976 1.9442052 1.7784571 1.9695657 1.8853310 1.8341699 2.0166918 1.8209867 1.8795342 1.8154131 1.8634163 1.7609345 1.8256222 1.8392866 1.7567028 1.7688072 1.9458589 1.9667507 1.7092962 1.6319506 1.7900532 7.0435630 1.5251954 1.6979398 4.6263624 4.6666712 4.7510030 4.7905299 4.6411337 4.6505908 4.7510030 4.7510030 5.3073898 4.6350143 4.7647914 5.1615679 4.7510030 5.3057305 5.0196641 4.5119892 4.9391663 4.7191342 4.9591650 
AKR1A3|P51635.2|Rattus                                             0.0689339 0.0843394 0.0000000 0.0293630 1.3255128 1.2930594 1.3519460 1.3505224 1.3877300 1.2767733 1.4123938 1.3844611 1.4572666 1.3849075 1.3992304 1.4479601 1.5513987 1.4962273 1.3788204 1.7744518 1.7761456 1.9229561 1.8002153 1.8529818 1.9325916 1.8717184 2.0325001 2.1092517 1.8405595 1.9937568 1.9427283 2.1391297 1.9508427 1.9569437 2.0084679 1.9657676 1.9479462 1.8515277 1.9959493 1.9314293 1.8728075 2.0614883 1.8177538 1.8960770 1.8292181 1.8617286 1.7703134 1.8090384 1.8473084 1.7735584 1.8532785 1.9253489 1.9788122 1.8136804 1.6856802 1.8264594 7.1814538 1.4982284 1.6512022 4.5674395 4.6072531 4.7005721 4.6993476 4.5819580 4.5913369 4.7005721 4.7005721 5.2515424 4.6324577 4.7254179 5.0939377 4.7005721 5.2361932 4.8569914 4.5779628 4.9088188 4.7614978 5.0706440 
AKR1A4|NP_067448.1|Mus                                             0.0756203 0.0984685 0.0293630 0.0000000 1.3612564 1.2989803 1.3545240 1.3559945 1.4008537 1.2969448 1.4100720 1.3590806 1.4346619 1.3927197 1.3736266 1.4218350 1.5327689 1.4692038 1.3535391 1.7092617 1.7108127 1.8585713 1.7396156 1.8344586 1.8854018 1.8537248 2.0033988 2.0505017 1.7915186 1.9890265 1.9417438 2.0957857 1.9241973 1.9168557 1.9677956 1.9349641 1.9087200 1.8240056 1.9503327 1.9304236 1.8121354 2.0548747 1.7583749 1.8981582 1.8333515 1.8638006 1.7545648 1.8222611 1.8607057 1.7621731 1.7851514 1.9131908 1.9758319 1.7881840 1.6992918 1.7998041 7.4026662 1.5019660 1.6555359 4.4985947 4.4662917 4.6751280 4.5541643 4.4418266 4.4509269 4.6751280 4.6751280 5.1385260 4.6077468 4.6996386 5.0174662 4.6751280 5.1573075 4.8123139 4.5545747 4.8841608 4.7374498 5.0463832 
AKR1B1|NP_001619.1|Homo                                            1.3327125 1.3344914 1.3255128 1.3612564 0.0000000 0.1317360 0.1808044 0.1799200 0.1739598 0.1676548 0.4935539 0.5188964 0.4894035 0.4966013 0.4845172 0.5522323 0.5834545 0.5249015 0.4650057 1.4495918 1.4294759 1.4496030 1.4417375 1.2782431 1.4069038 1.3568115 1.5240562 1.6079913 1.4174819 1.6130306 1.6323022 1.5530920 1.3784787 1.6494073 1.7445741 1.4704289 1.4976600 1.3474642 1.5581305 1.6436203 1.4189427 1.6390211 1.4682907 1.3054859 1.3246025 1.3711056 1.2612923 1.3369986 1.3230619 1.3562779 1.4027542 1.7005717 1.7033364 1.2804151 1.1976389 1.3907512 6.2245416 0.8299532 0.8738449 4.3372349 4.3591654 4.4661109 4.4626348 4.3562852 4.3198894 4.4661109 4.4661109 5.0105114 4.2966507 4.3609545 4.8607051 4.4661109 4.9929711 5.5751687 4.9883182 5.4710764 5.0936258 5.2340790 
AKR1B2|P15122.3|Oryctolagus|cuniculus|Animalia|Mammalia|Lagomorpha 1.3304248 1.3101253 1.2930594 1.2989803 0.1317360 0.0000000 0.1423618 0.1462029 0.1710386 0.1787977 0.5085145 0.5016888 0.4874335 0.4744313 0.4768459 0.5432053 0.5458021 0.4996281 0.4726931 1.4733394 1.4528453 1.4945031 1.5024871 1.3314010 1.4644211 1.4101253 1.5458063 1.6338380 1.4525776 1.5736633 1.5922505 1.6059360 1.4254441 1.5821937 1.6705605 1.5110278 1.5512807 1.4446460 1.6048619 1.6034500 1.3979474 1.5813275 1.5174440 1.4023113 1.4133094 1.4563466 1.3039943 1.3849150 1.3837346 1.4257118 1.4629640 1.6450810 1.5828048 1.4069144 1.2636352 1.4391054 6.7440961 0.7616625 0.8380324 4.4699767 4.5209580 4.6049980 4.6302419 4.4900913 4.4796712 4.6049980 4.6049980 5.1756128 4.5167483 4.5838030 5.0341629 4.6049980 5.2047715 5.8785206 5.1696091 5.8928983 5.3871490 5.6510908 
AKR1B3|P45376.3|Mus                                                1.3298976 1.3257597 1.3519460 1.3545240 0.1808044 0.1423618 0.0000000 0.0332969 0.2192393 0.2182843 0.5651852 0.5738387 0.5477266 0.5259315 0.5543906 0.6151271 0.5964107 0.5634749 0.5421694 1.5681991 1.5587105 1.5654825 1.5081675 1.3953560 1.4418517 1.4884120 1.6121344 1.6412300 1.5274730 1.6066916 1.6359407 1.6172738 1.4652734 1.6337050 1.7234487 1.5907246 1.5876922 1.3975471 1.6837540 1.6474043 1.4495195 1.5843987 1.5716593 1.4438289 1.5082920 1.5414610 1.3418538 1.3914508 1.4042577 1.5083744 1.4601542 1.6940833 1.6639835 1.4505207 1.3697717 1.5617199 6.5459260 0.8385215 0.9320246 4.3077881 4.3541806 4.3942510 4.4559884 4.3263688 4.3155094 4.3942510 4.3942510 4.8918483 4.3235951 4.3269161 4.7456202 4.3942510 4.8328448 5.4254910 4.8010158 5.3299456 4.9810588 5.2794341 
AKR1B4|NP_036630.1|Rattus                                          1.3335802 1.3294194 1.3505224 1.3559945 0.1799200 0.1462029 0.0332969 0.0000000 0.2158624 0.2213200 0.5616961 0.5619030 0.5205327 0.5068937 0.5412817 0.6056416 0.5758405 0.5544043 0.5369781 1.5921665 1.5826077 1.5857465 1.5306879 1.4166813 1.4616390 1.5152188 1.6309455 1.6651272 1.5477700 1.6102724 1.6395065 1.6397550 1.4635006 1.6346881 1.7242973 1.6140536 1.5825531 1.4163952 1.7057591 1.6509594 1.4725241 1.6037941 1.5959194 1.4686925 1.5339024 1.5675775 1.3428716 1.3991418 1.4119975 1.5282717 1.4823435 1.7041473 1.6709796 1.4166880 1.3395327 1.5259150 6.6826865 0.8306685 0.9242165 4.4017598 4.4508588 4.5225537 4.5560725 4.4210710 4.4109987 4.5225537 4.5225537 5.0045192 4.4495486 4.4527524 4.8544832 4.5225537 4.9439073 5.5416414 4.8978099 5.4416798 5.0669938 5.3875888 
AKR1B5|P16116.2|Bos                                                1.4168535 1.3834632 1.3877300 1.4008537 0.1739598 0.1710386 0.2192393 0.2158624 0.0000000 0.1297363 0.5782512 0.5857398 0.5634354 0.5079952 0.5623925 0.6106112 0.5931807 0.5605032 0.5164376 1.5073556 1.4865253 1.4867576 1.5321463 1.3456541 1.4121135 1.4500723 1.5326835 1.6587660 1.4639001 1.5875355 1.6265587 1.6244518 1.4374821 1.6153513 1.7126231 1.4936225 1.5393216 1.3236065 1.6040301 1.6378711 1.4558289 1.6252529 1.5442434 1.4297801 1.4549003 1.4906918 1.3119701 1.3901366 1.3517806 1.4268235 1.4676721 1.7306139 1.6860599 1.3849333 1.2566781 1.4848320 6.5482777 0.8700749 0.9515893 4.8628478 4.8898688 4.8260816 5.0091809 4.8854683 4.8451440 4.8260816 4.8260816 5.4191600 4.7195145 4.7881706 5.2720285 4.8260816 5.4477830 5.9879806 5.2620600 5.7748185 5.3921447 5.6144930 
AKR1B6|P80276.2|Sus                                                1.2898869 1.2808219 1.2767733 1.2969448 0.1676548 0.1787977 0.2182843 0.2213200 0.1297363 0.0000000 0.5688401 0.5841284 0.5629843 0.5098244 0.5673468 0.6380787 0.6040372 0.5915268 0.5448783 1.4672105 1.4466881 1.4682737 1.4536466 1.3265738 1.4344945 1.4279304 1.5093403 1.6784269 1.4460159 1.5461962 1.6092610 1.6254103 1.3916217 1.5952420 1.7110409 1.4945312 1.5486132 1.3979065 1.5776919 1.6205198 1.3984384 1.5842157 1.4625522 1.3911261 1.4208472 1.4639358 1.2854713 1.3730604 1.3256107 1.4081129 1.4439307 1.6368941 1.5921776 1.3730147 1.2876833 1.4900718 6.1008499 0.8488297 0.9524030 4.4073275 4.4296019 4.5180350 4.5336837 4.4265839 4.3901442 4.5180350 4.5180350 5.0118299 4.4098443 4.4738118 4.8561089 4.5180350 4.9750705 5.4092512 4.7389175 5.2604817 4.9279222 5.0758194 
AKR1B7|P21300.4|Mus                                                1.4584028 1.4332692 1.4123938 1.4100720 0.4935539 0.5085145 0.5651852 0.5616961 0.5782512 0.5688401 0.0000000 0.2473223 0.2930880 0.2878725 0.2529533 0.1598916 0.3507433 0.1839796 0.3038898 1.6841284 1.6395584 1.6599404 1.5924011 1.5520499 1.7164296 1.5666443 1.7509712 1.7910443 1.6471999 1.7865756 1.7823673 1.8668416 1.6344966 1.7038389 1.7908080 1.7665155 1.7478285 1.6397601 1.9041283 1.7943083 1.6476657 1.7707426 1.6657609 1.6597799 1.6609113 1.6900703 1.4984405 1.6075341 1.6396519 1.6648414 1.7125477 1.8055438 1.7061289 1.4160845 1.4816350 1.4791433 7.5333288 0.8611297 0.9190788 4.8393889 4.9119305 4.7763107 5.0349236 4.8433875 4.8659210 4.7763107 4.7763107 5.2836483 4.7723887 4.7752540 5.0466190 4.7763107 5.1220422 6.2428507 5.7796690 6.4128327 5.8739137 6.2142067 
AKR1B8|NP_032038.1|Mus                                             1.4066726 1.4153596 1.3844611 1.3590806 0.5188964 0.5016888 0.5738387 0.5619030 0.5857398 0.5841284 0.2473223 0.0000000 0.0903458 0.2541582 0.0635586 0.2344069 0.3010706 0.2293082 0.2124011 1.6115368 1.5722319 1.6810864 1.6034345 1.5186981 1.7625560 1.6045400 1.8098144 1.8309041 1.5968817 1.7150445 1.6753472 1.8253988 1.6325892 1.7003967 1.8109016 1.8185291 1.6736600 1.6145167 1.8410727 1.6867918 1.5543219 1.7336553 1.6353325 1.5837211 1.5658138 1.6020235 1.5338163 1.6285531 1.6381493 1.6431738 1.6582968 1.7729038 1.6629769 1.4595144 1.4567746 1.5330342 7.3014861 0.8878786 0.9288851 4.5269795 4.5930843 4.6188843 4.7044778 4.5301386 4.5510610 4.6188843 4.6188843 5.1736767 4.6149900 4.6180558 5.0432371 4.6188843 5.1194526 6.3972256 5.8269306 6.3370074 5.9272644 6.2295593 
AKR1B9|AAC53199.1|Cricetulus                                       1.4752948 1.4573564 1.4572666 1.4346619 0.4894035 0.4874335 0.5477266 0.5205327 0.5634354 0.5629843 0.2930880 0.0903458 0.0000000 0.2376020 0.1035182 0.2803921 0.2788899 0.2810381 0.1970567 1.5252549 1.4874971 1.5693856 1.5023572 1.4917699 1.6868841 1.5081147 1.7102884 1.7121274 1.5325938 1.6361067 1.5960587 1.7038221 1.5327739 1.6261809 1.7137194 1.7435497 1.7021070 1.5175481 1.7245607 1.6071186 1.5199361 1.6652127 1.5546778 1.5121425 1.4987103 1.5336955 1.4303943 1.5113250 1.5216131 1.5578866 1.5655124 1.7059439 1.6162662 1.3454978 1.3920057 1.4412750 6.6644216 0.9243242 0.9703820 4.5847071 4.6372693 4.5205206 4.7497330 4.5879998 4.5948782 4.5205206 4.5205206 4.8959827 4.5511917 4.5055741 4.8860853 4.5205206 4.9599413 6.4593931 5.8005154 6.2508672 5.8611639 6.1344395 
AKR1B10|NP_064695.3|Homo                                           1.4315405 1.3810940 1.3849075 1.3927197 0.4966013 0.4744313 0.5259315 0.5068937 0.5079952 0.5098244 0.2878725 0.2541582 0.2376020 0.0000000 0.2601452 0.3348969 0.0974082 0.2556900 0.1959256 1.5579878 1.5141296 1.5531888 1.5293431 1.4103445 1.5653571 1.5094838 1.6688585 1.6855106 1.4978910 1.6996361 1.6693917 1.6907817 1.4626427 1.5986691 1.7297263 1.6872009 1.5738491 1.4461895 1.7817305 1.6808640 1.5411415 1.6475494 1.5846150 1.4759188 1.5380122 1.5640757 1.3700468 1.5341751 1.4795458 1.4870543 1.5377405 1.7182069 1.6600991 1.3262262 1.3046244 1.3637884 7.2285846 0.9385180 0.9770745 4.5024381 4.5542111 4.5327008 4.6651719 4.5228961 4.5123321 4.5327008 4.5327008 5.1863201 4.5287990 4.5319820 5.2038190 4.5327008 5.2813898 5.7480294 5.2720503 5.7543039 5.4110151 5.6988288 
AKR1B13|CAC80649.1|Rattus                                          1.4412938 1.4402650 1.3992304 1.3736266 0.4845172 0.4768459 0.5543906 0.5412817 0.5623925 0.5673468 0.2529533 0.0635586 0.1035182 0.2601452 0.0000000 0.2464971 0.2864851 0.2320547 0.2316899 1.6396996 1.5998077 1.6978860 1.6192882 1.5622799 1.7773850 1.6341136 1.7390121 1.8641452 1.6273806 1.7306055 1.6702933 1.8851215 1.6748570 1.6952905 1.8327010 1.7653644 1.6743219 1.6212015 1.8462922 1.6817427 1.6012349 1.7376706 1.6515384 1.6219267 1.5979959 1.6382491 1.5477027 1.6333002 1.6498195 1.6789154 1.6903697 1.7547040 1.6801948 1.4365272 1.4543465 1.5104365 7.2842332 0.9162165 0.9393983 4.5177772 4.5695590 4.5963158 4.6804859 4.5209187 4.5276968 4.5963158 4.5963158 5.0671646 4.5924221 4.5955171 4.9794054 4.5963158 5.0528114 6.5584184 5.8992038 6.4264098 6.0023501 6.3058361 
AKR1B14|NP_446233.2|Rattus                                         1.4919974 1.4681954 1.4479601 1.4218350 0.5522323 0.5432053 0.6151271 0.6056416 0.6106112 0.6380787 0.1598916 0.2344069 0.2803921 0.3348969 0.2464971 0.0000000 0.3680946 0.1527044 0.2920275 1.6431339 1.5943807 1.6851353 1.6243134 1.5477894 1.6532151 1.5526271 1.7948935 1.7394725 1.6312442 1.7151015 1.7018230 1.7764063 1.6021489 1.6876998 1.7387293 1.7856100 1.7181602 1.6631077 1.7806894 1.7133340 1.6402488 1.7141652 1.6877223 1.5966367 1.5944352 1.6189451 1.4869620 1.5709933 1.5450876 1.6418235 1.6591489 1.7450804 1.7073503 1.4656478 1.4611518 1.5443792 7.2522899 0.9150899 0.9294350 4.6153921 4.6828963 4.7183133 4.7968218 4.6187630 4.6400123 4.7183133 4.7183133 5.1616530 4.7758075 4.6802596 4.9804304 4.7183133 5.0554384 6.2874723 5.8953606 6.3463625 5.9375524 6.3462819 
AKR1B15|EAL24068.1|Homo                                            1.5619245 1.5473102 1.5513987 1.5327689 0.5834545 0.5458021 0.5964107 0.5758405 0.5931807 0.6040372 0.3507433 0.3010706 0.2788899 0.0974082 0.2864851 0.3680946 0.0000000 0.3007054 0.2675433 1.6392983 1.6156074 1.6513767 1.6450423 1.5525721 1.6227577 1.5969726 1.7176103 1.7247859 1.6944030 1.8253933 1.7923670 1.8547211 1.5781698 1.7365328 1.8223210 1.7307989 1.7788999 1.5496924 1.8335865 1.8044467 1.5973208 1.7782186 1.7035797 1.6404238 1.6652875 1.6832582 1.5017111 1.6538444 1.5772431 1.6266805 1.6546307 1.8262841 1.7530329 1.4429946 1.4216307 1.4982985 7.7820325 1.0431297 1.0292762 4.8983422 4.9573993 4.8836547 5.0836664 4.9220720 4.9102617 4.8836547 4.8836547 5.6042447 4.8797886 4.8824467 5.6653913 4.8836547 5.7510164 6.3408141 5.8039304 6.3595418 5.9659114 6.2719487 
AKR1B18|NP_001013102.1|Rattus                                      1.5385641 1.5141456 1.4962273 1.4692038 0.5249015 0.4996281 0.5634749 0.5544043 0.5605032 0.5915268 0.1839796 0.2293082 0.2810381 0.2556900 0.2320547 0.1527044 0.3007054 0.0000000 0.2940465 1.6699123 1.6237188 1.6528327 1.6445379 1.5295615 1.6526763 1.5794895 1.7533237 1.7387862 1.6244776 1.7460662 1.7287130 1.7950314 1.6675832 1.6745609 1.7331664 1.7317400 1.7414856 1.6085784 1.8084130 1.7404385 1.6586024 1.7389131 1.7086984 1.6050955 1.6767009 1.7210490 1.4720965 1.5902026 1.5799726 1.6294112 1.6948097 1.8397135 1.7485003 1.4591180 1.4850694 1.5252748 7.6097547 0.8984757 0.9215961 4.7460426 4.8169172 4.8507145 4.9369286 4.7497984 4.7719309 4.8507145 4.8507145 5.3484133 4.8193448 4.8194632 5.2335958 4.8507145 5.3127832 6.3103725 5.8509477 6.5727400 5.8752947 6.3721665 
AKR1B19|NP_001254517.1|Oryctolagus                                 1.4013331 1.3853359 1.3788204 1.3535391 0.4650057 0.4726931 0.5421694 0.5369781 0.5164376 0.5448783 0.3038898 0.2124011 0.1970567 0.1959256 0.2316899 0.2920275 0.2675433 0.2940465 0.0000000 1.5666982 1.5379053 1.6434075 1.5901363 1.4625026 1.6854839 1.5460886 1.7446852 1.7237424 1.5975508 1.6678997 1.7153547 1.7424191 1.4404232 1.6744679 1.7788975 1.7147436 1.7200327 1.4953786 1.8029399 1.7270940 1.5866303 1.6790399 1.6222713 1.5505252 1.5334663 1.5928829 1.4088825 1.5784347 1.4809174 1.5368214 1.5641934 1.7334725 1.7208565 1.3449617 1.3720194 1.4279762 6.6366903 0.9931758 1.0616544 4.5152339 4.5282585 4.5050311 4.6367055 4.5183392 4.5250473 4.5050311 4.5050311 5.1098252 4.5011386 4.5043484 5.1094804 4.5050311 5.1865771 5.8784892 5.2355047 5.6859775 5.3740873 5.6014204 
AKR1C1|NP_001344.2|Homo                                            1.7829162 1.7487695 1.7744518 1.7092617 1.4495918 1.4733394 1.5681991 1.5921665 1.5073556 1.4672105 1.6841284 1.6115368 1.5252549 1.5579878 1.6396996 1.6431339 1.6392983 1.6699123 1.5666982 0.0000000 0.0231050 0.1515546 0.2319522 0.2835661 0.3527711 0.3445823 0.5167265 0.5394230 0.3469986 0.5740149 0.6232995 0.5525059 0.5181758 0.5695184 0.5807138 0.4510333 0.4695366 0.4000664 0.4460338 0.6225832 0.2596520 0.5592659 0.2309636 0.3883559 0.3665332 0.3581493 0.2987464 0.3332703 0.3382288 0.2552343 0.3345099 0.6139300 0.5661192 0.9435014 0.9155502 0.9625662 5.3931598 1.5155233 1.5400720 4.5688312 4.5247800 4.6637089 4.6462699 4.5160301 4.4838414 4.6637089 4.6637089 4.8171346 4.6074911 4.5644722 4.9279459 4.6637089 4.8877614 5.6169621 5.3636965 5.4279956 5.1359718 5.9500558 
AKR1C2|NP_001345.1|Homo                                            1.7831392 1.7627918 1.7761456 1.7108127 1.4294759 1.4528453 1.5587105 1.5826077 1.4865253 1.4466881 1.6395584 1.5722319 1.4874971 1.5141296 1.5998077 1.5943807 1.6156074 1.6237188 1.5379053 0.0231050 0.0000000 0.1652970 0.2519984 0.3056143 0.3760951 0.3675769 0.5384280 0.5557571 0.3599537 0.5815613 0.6312636 0.5649628 0.5412944 0.5728167 0.5656517 0.4669093 0.4734042 0.4125445 0.4409149 0.6305554 0.2784906 0.5666952 0.2554932 0.3886839 0.3741364 0.3768373 0.3157771 0.3511950 0.3663281 0.2806742 0.3623988 0.6218048 0.5798260 0.9418782 0.9117298 0.9710499 5.3391105 1.5245741 1.5400525 4.4711237 4.4280614 4.5639585 4.5461367 4.4195505 4.3882229 4.5639585 4.5639585 4.6809126 4.5092191 4.4672806 4.7887458 4.5639585 4.7499042 5.6228971 5.3811550 5.5934955 5.1053720 5.9642107 
AKR1C3|NP_003730.4|Homo                                            1.9395020 1.8907056 1.9229561 1.8585713 1.4496030 1.4945031 1.5654825 1.5857465 1.4867576 1.4682737 1.6599404 1.6810864 1.5693856 1.5531888 1.6978860 1.6851353 1.6513767 1.6528327 1.6434075 0.1515546 0.1652970 0.0000000 0.2155509 0.3294178 0.3665157 0.3901216 0.4760141 0.5153632 0.3465613 0.6161965 0.6734799 0.5187658 0.5373423 0.6251934 0.6204396 0.4221576 0.4962840 0.3801910 0.4688323 0.6728233 0.3182995 0.6024058 0.2171582 0.3852655 0.3767093 0.3694410 0.3135315 0.3634852 0.3557558 0.2914273 0.3534426 0.6540718 0.6167878 1.0363551 0.9762966 1.0758471 5.5622601 1.5220171 1.6037597 4.5520848 4.5085266 4.6953514 4.6285343 4.4998823 4.4680793 4.6953514 4.6953514 4.6586322 4.6247960 4.5786001 4.7860028 4.6953514 4.7430650 6.1087400 5.5659999 5.6850672 5.3618384 6.0088603 
AKR1C4|P17516.3|Homo                                               1.8272887 1.8108922 1.8002153 1.7396156 1.4417375 1.5024871 1.5081675 1.5306879 1.5321463 1.4536466 1.5924011 1.6034345 1.5023572 1.5293431 1.6192882 1.6243134 1.6450423 1.6445379 1.5901363 0.2319522 0.2519984 0.2155509 0.0000000 0.3118315 0.3727732 0.4089396 0.5305546 0.5309399 0.3742911 0.6036973 0.6350167 0.5383487 0.5138272 0.5963109 0.6219669 0.4731150 0.5297399 0.4312830 0.4697828 0.6343154 0.3080999 0.6002672 0.0676745 0.3851515 0.3832630 0.3925600 0.3542625 0.3663031 0.3458683 0.2957995 0.3724087 0.6250957 0.5922471 0.9944905 0.9495250 1.0066951 5.4772539 1.5215140 1.5332756 4.4861825 4.4436507 4.7216837 4.5603461 4.4352372 4.4042684 4.7216837 4.7216837 4.7186480 4.6068423 4.5670532 4.8464682 4.7216837 4.8264559 5.6881483 5.3943721 5.4604683 5.1798349 5.8746539 
AKR1C5|P80508.1|Oryctolagus                                        1.8857184 1.8668574 1.8529818 1.8344586 1.2782431 1.3314010 1.3953560 1.4166813 1.3456541 1.3265738 1.5520499 1.5186981 1.4917699 1.4103445 1.5622799 1.5477894 1.5525721 1.5295615 1.4625026 0.2835661 0.3056143 0.3294178 0.3118315 0.0000000 0.2990559 0.4002394 0.5055300 0.4730409 0.4106316 0.6722565 0.6728669 0.4867131 0.4787751 0.6262958 0.6693363 0.4509629 0.4780370 0.3461724 0.4528477 0.6722051 0.3098836 0.6447221 0.3114032 0.2776616 0.2941074 0.3002555 0.2006303 0.2449175 0.2447979 0.1023570 0.3280642 0.6818930 0.6159530 0.9237679 0.9376716 0.9752171 5.7580509 1.4738443 1.4235339 4.4885823 4.5289128 4.6942197 4.6520984 4.5088730 4.4874455 4.6942197 4.6942197 4.9364125 4.6147449 4.6143473 4.9598392 4.6942197 4.9496471 5.7237779 5.2710871 5.4450984 4.9801643 5.7132516 
AKR1C6|NP_085114.1|Mus                                             1.9502292 1.8667261 1.9325916 1.8854018 1.4069038 1.4644211 1.4418517 1.4616390 1.4121135 1.4344945 1.7164296 1.7625560 1.6868841 1.5653571 1.7773850 1.6532151 1.6227577 1.6526763 1.6854839 0.3527711 0.3760951 0.3665157 0.3727732 0.2990559 0.0000000 0.4735189 0.5026674 0.4706553 0.4735344 0.6204070 0.6480065 0.4703222 0.5060121 0.6364343 0.6246812 0.4582509 0.5203911 0.1394042 0.3931545 0.6473169 0.3552392 0.6210527 0.3605171 0.3732118 0.3795730 0.3869792 0.3480654 0.3757240 0.3496955 0.3012623 0.3541797 0.6192188 0.5878572 0.9385838 0.9504366 0.9910929 5.3218248 1.4307515 1.4048039 4.6327338 4.6997815 4.7025824 4.8273276 4.6789235 4.6569200 4.7025824 4.7025824 4.7971518 4.6731908 4.6140027 4.8514982 4.7025824 4.7834197 5.5967840 5.2820873 5.3905063 5.0310215 5.7181875 
AKR1C7|P05980.3|Bos                                                1.9128903 1.8845409 1.8717184 1.8537248 1.3568115 1.4101253 1.4884120 1.5152188 1.4500723 1.4279304 1.5666443 1.6045400 1.5081147 1.5094838 1.6341136 1.5526271 1.5969726 1.5794895 1.5460886 0.3445823 0.3675769 0.3901216 0.4089396 0.4002394 0.4735189 0.0000000 0.5542130 0.5593423 0.1802432 0.6220706 0.6441480 0.6042428 0.4899936 0.5763819 0.6078064 0.5035078 0.6175733 0.4697044 0.5629264 0.6434566 0.3878766 0.6202483 0.4472448 0.4430843 0.4565087 0.4503134 0.4252472 0.4169254 0.3930402 0.4006646 0.4621792 0.6342524 0.6190039 0.9684480 0.9753437 0.9880064 5.0845645 1.4987858 1.5063830 4.4758012 4.4439946 4.6020631 4.5823153 4.4250223 4.4045872 4.6020631 4.6020631 4.6502011 4.4472832 4.4031865 4.7778037 4.6020631 4.7802439 5.7554932 5.1613317 5.4898676 4.9992408 5.5794601 
AKR1C8|P51652.1|Rattus                                             2.0515770 2.0247758 2.0325001 2.0033988 1.5240562 1.5458063 1.6121344 1.6309455 1.5326835 1.5093403 1.7509712 1.8098144 1.7102884 1.6688585 1.7390121 1.7948935 1.7176103 1.7533237 1.7446852 0.5167265 0.5384280 0.4760141 0.5305546 0.5055300 0.5026674 0.5542130 0.0000000 0.5997774 0.6168560 0.6510373 0.6870866 0.5662620 0.7126335 0.6845192 0.6954657 0.0645857 0.6324985 0.5291258 0.5578118 0.6864435 0.4666487 0.6583669 0.5302579 0.5698522 0.5276414 0.5231350 0.5106899 0.5676398 0.5158461 0.5056649 0.5019515 0.6646034 0.6545324 1.0745972 1.1558098 1.1184296 5.5866175 1.5329241 1.6657541 4.9248283 4.8724159 4.8735754 5.0305579 4.8493690 4.8276372 4.8735754 4.8735754 5.2093496 4.8233756 4.7692939 5.2608721 4.8735754 5.1927329 5.6931878 5.6417587 5.8963436 5.5594268 6.0645293 
AKR1C9|P23457.1|Rattus                                             2.0854783 2.0502316 2.1092517 2.0505017 1.6079913 1.6338380 1.6412300 1.6651272 1.6587660 1.6784269 1.7910443 1.8309041 1.7121274 1.6855106 1.8641452 1.7394725 1.7247859 1.7387862 1.7237424 0.5394230 0.5557571 0.5153632 0.5309399 0.4730409 0.4706553 0.5593423 0.5997774 0.0000000 0.5620433 0.6820120 0.7076299 0.1521766 0.7102583 0.6609887 0.6936879 0.5690589 0.6402548 0.5023344 0.5796154 0.7069937 0.5245311 0.7046523 0.5210608 0.5362313 0.5007657 0.5358866 0.4870288 0.5776372 0.5447051 0.4680337 0.4656766 0.7025895 0.6414390 1.0907393 1.1896682 1.1076073 5.5596807 1.6321145 1.6668738 4.4064283 4.3641646 4.7247788 4.4768862 4.3570201 4.3371270 4.7247788 4.7247788 4.6200508 4.6698535 4.6818359 4.7559854 4.7247788 4.7911963 6.4744462 5.5530105 6.1273317 5.6825637 6.2191899 
AKR1C11|BAA13690.1|Bos                                             1.8677479 1.8647383 1.8405595 1.7915186 1.4174819 1.4525776 1.5274730 1.5477700 1.4639001 1.4460159 1.6471999 1.5968817 1.5325938 1.4978910 1.6273806 1.6312442 1.6944030 1.6244776 1.5975508 0.3469986 0.3599537 0.3465613 0.3742911 0.4106316 0.4735344 0.1802432 0.6168560 0.5620433 0.0000000 0.6573652 0.6303762 0.5907417 0.4756790 0.5885891 0.6254065 0.5539351 0.5681127 0.4493243 0.5380450 0.6296747 0.3618831 0.6467916 0.3984317 0.4374565 0.4919736 0.4867864 0.4381696 0.4535421 0.4369813 0.4029927 0.4967350 0.6610946 0.6391700 0.9395831 0.9325855 0.9392418 5.3134543 1.5116727 1.5471196 4.5487928 4.5164823 4.8522138 4.6580712 4.4970301 4.4762046 4.8522138 4.8522138 4.7122013 4.6804705 4.6631381 4.8022467 4.8522138 4.8045050 5.5951392 5.2902020 5.4629778 5.1569818 5.7671475 
AKR1C12|NP_038805.2|Mus                                            2.0030634 1.9519024 1.9937568 1.9890265 1.6130306 1.5736633 1.6066916 1.6102724 1.5875355 1.5461962 1.7865756 1.7150445 1.6361067 1.6996361 1.7306055 1.7151015 1.8253933 1.7460662 1.6678997 0.5740149 0.5815613 0.6161965 0.6036973 0.6722565 0.6204070 0.6220706 0.6510373 0.6820120 0.6573652 0.0000000 0.0724538 0.7009607 0.7499652 0.1367239 0.1837223 0.6108956 0.4382125 0.6821140 0.6862602 0.0761923 0.6158988 0.1043772 0.5875285 0.5603018 0.5496425 0.6016068 0.6048036 0.6110776 0.6128502 0.6336401 0.6338263 0.1950552 0.2087652 1.2665606 1.2876292 1.3016003 5.9788455 1.5520938 1.5677985 4.6849870 4.7287474 5.0815760 4.8545285 4.6604807 4.6863602 5.0815760 5.0815760 4.8309098 5.0114689 4.9661432 5.0791025 5.0815760 5.0157017 5.6315291 5.2083660 5.4069712 5.0947295 5.8293766 
AKR1C13|NP_038806.2|Mus                                            1.9456583 1.8963849 1.9427283 1.9417438 1.6323022 1.5922505 1.6359407 1.6395065 1.6265587 1.6092610 1.7823673 1.6753472 1.5960587 1.6693917 1.6702933 1.7018230 1.7923670 1.7287130 1.7153547 0.6232995 0.6312636 0.6734799 0.6350167 0.6728669 0.6480065 0.6441480 0.6870866 0.7076299 0.6303762 0.0724538 0.0000000 0.7201325 0.7553430 0.1125670 0.1735455 0.6139577 0.4426036 0.6605926 0.6689111 0.0032465 0.6218824 0.1492586 0.6214927 0.5394446 0.5518199 0.6036688 0.6172440 0.6344879 0.6404447 0.6387687 0.6827303 0.1865408 0.1947146 1.2877249 1.3015579 1.3180517 5.9505319 1.5908578 1.5937502 4.8652485 4.9115766 5.2894292 5.0451158 4.8394844 4.8667447 5.2894292 5.2894292 4.9778824 5.2093675 5.1613642 5.2362733 5.2894292 5.1698420 5.9158131 5.4851578 5.6787985 5.3410676 6.0787009 
AKR1C14|NP_598833.1|Mus                                            2.0632460 2.0335917 2.1391297 2.0957857 1.5530920 1.6059360 1.6172738 1.6397550 1.6244518 1.6254103 1.8668416 1.8253988 1.7038221 1.6907817 1.8851215 1.7764063 1.8547211 1.7950314 1.7424191 0.5525059 0.5649628 0.5187658 0.5383487 0.4867131 0.4703222 0.6042428 0.5662620 0.1521766 0.5907417 0.7009607 0.7201325 0.0000000 0.7625201 0.6783013 0.6970043 0.5243446 0.6007464 0.4894906 0.5333041 0.7195133 0.5092878 0.7263266 0.5373817 0.5207387 0.5047546 0.5433320 0.4770835 0.5793525 0.5596479 0.4866198 0.4769644 0.7069970 0.6680551 1.0934239 1.2042913 1.1548555 5.2405726 1.6022324 1.6527802 4.5605405 4.5444767 4.7623633 4.6635661 4.5368283 4.5160132 4.7623633 4.7623633 4.5975261 4.5922569 4.6464283 4.7690157 4.7623633 4.8289796 6.1677040 5.5229714 5.9658149 5.5814142 5.9528576 
AKR1C15|2008147B|Rattus                                            2.0084297 1.9969442 1.9508427 1.9241973 1.3784787 1.4254441 1.4652734 1.4635006 1.4374821 1.3916217 1.6344966 1.6325892 1.5327739 1.4626427 1.6748570 1.6021489 1.5781698 1.6675832 1.4404232 0.5181758 0.5412944 0.5373423 0.5138272 0.4787751 0.5060121 0.4899936 0.7126335 0.7102583 0.4756790 0.7499652 0.7553430 0.7625201 0.0000000 0.7509688 0.7471667 0.6753668 0.7388915 0.5338399 0.7042705 0.7547536 0.5655257 0.7677905 0.5384528 0.5085185 0.5795118 0.5861906 0.4993601 0.5242878 0.4933770 0.4951814 0.5598131 0.8116010 0.8078467 1.0441446 1.0463914 1.0588269 5.4819942 1.5943774 1.5448178 4.4320995 4.3996219 4.4617473 4.5633992 4.3803667 4.3595573 4.4617473 4.4617473 4.7424941 4.5483767 4.5025699 4.8370016 4.4617473 4.8509329 5.5802832 5.1708559 5.2396647 4.9337413 5.6484017 
AKR1C16|2008147A|Rattus                                            1.9616155 1.9006351 1.9569437 1.9168557 1.6494073 1.5821937 1.6337050 1.6346881 1.6153513 1.5952420 1.7038389 1.7003967 1.6261809 1.5986691 1.6952905 1.6876998 1.7365328 1.6745609 1.6744679 0.5695184 0.5728167 0.6251934 0.5963109 0.6262958 0.6364343 0.5763819 0.6845192 0.6609887 0.5885891 0.1367239 0.1125670 0.6783013 0.7509688 0.0000000 0.0875278 0.6086935 0.4496424 0.6581292 0.6899938 0.1164175 0.5711853 0.1132777 0.6043073 0.5380646 0.5510976 0.6046980 0.5596117 0.6005501 0.6166535 0.5944876 0.6334776 0.1896630 0.2034497 1.3075576 1.3247278 1.2832180 5.8417121 1.6308273 1.6120235 4.9569109 5.0053860 5.2990420 5.1453640 4.9300477 4.9584997 5.2990420 5.2990420 5.1558095 5.2929276 5.2438550 5.3480642 5.2990420 5.3811796 6.0725185 5.5684247 5.8613677 5.6578566 6.1622499 
AKR1C17|2008147C|Rattus                                            2.0267232 1.9671751 2.0084679 1.9677956 1.7445741 1.6705605 1.7234487 1.7242973 1.7126231 1.7110409 1.7908080 1.8109016 1.7137194 1.7297263 1.8327010 1.7387293 1.8223210 1.7331664 1.7788975 0.5807138 0.5656517 0.6204396 0.6219669 0.6693363 0.6246812 0.6078064 0.6954657 0.6936879 0.6254065 0.1837223 0.1735455 0.6970043 0.7471667 0.0875278 0.0000000 0.6280989 0.5032273 0.6291668 0.6521655 0.1776528 0.5946243 0.1486342 0.6164216 0.5641530 0.5713591 0.6252851 0.5997380 0.6342084 0.6467094 0.6200996 0.6462633 0.2422861 0.2372696 1.3748839 1.3880118 1.3482740 5.8733879 1.6829784 1.6631297 4.8638868 4.9101981 5.2326502 5.0436608 4.8381296 4.8653821 5.2326502 5.2326502 4.9307214 5.1977911 5.1450795 5.0973740 5.2326502 5.0650522 6.2345834 5.7745228 6.0608921 5.6194024 6.3784474 
AKR1C18|NP_001333464.1|Mus                                         1.9915668 1.9635976 1.9657676 1.9349641 1.4704289 1.5110278 1.5907246 1.6140536 1.4936225 1.4945312 1.7665155 1.8185291 1.7435497 1.6872009 1.7653644 1.7856100 1.7307989 1.7317400 1.7147436 0.4510333 0.4669093 0.4221576 0.4731150 0.4509629 0.4582509 0.5035078 0.0645857 0.5690589 0.5539351 0.6108956 0.6139577 0.5243446 0.6753668 0.6086935 0.6280989 0.0000000 0.6208644 0.4754936 0.4823178 0.6131690 0.4308764 0.6025334 0.4755513 0.5289903 0.4541568 0.4562767 0.4533220 0.4995066 0.4559313 0.4399736 0.4604368 0.6188132 0.5964793 1.0280836 1.0972912 1.0727605 5.9024725 1.5277383 1.6237330 5.0214369 4.9667001 5.0545202 5.1339139 4.9618723 4.9194940 5.0545202 5.0545202 5.1487148 5.0049303 4.9471509 5.2772984 5.0545202 5.2330283 5.8866608 5.8253070 6.0998244 5.6950989 6.2368048 
AKR1C19|NP_001013807.2|Mus                                         1.9904839 1.9442052 1.9479462 1.9087200 1.4976600 1.5512807 1.5876922 1.5825531 1.5393216 1.5486132 1.7478285 1.6736600 1.7021070 1.5738491 1.6743219 1.7181602 1.7788999 1.7414856 1.7200327 0.4695366 0.4734042 0.4962840 0.5297399 0.4780370 0.5203911 0.6175733 0.6324985 0.6402548 0.5681127 0.4382125 0.4426036 0.6007464 0.7388915 0.4496424 0.5032273 0.6208644 0.0000000 0.5434506 0.5738536 0.4432206 0.5204697 0.4645396 0.5277359 0.4757148 0.5178159 0.5594808 0.4386458 0.5536085 0.5611463 0.4683054 0.5283978 0.4866963 0.4783682 1.1676172 1.1432782 1.2080705 5.4626484 1.5434395 1.5201625 4.3178049 4.3576477 4.6670920 4.4720529 4.2951693 4.3189901 4.6670920 4.6670920 4.6469959 4.5641293 4.5236412 4.8271546 4.6670920 4.7371910 5.3263286 4.9247639 5.2978349 4.8621681 5.3406888 
AKR1C20|NP_473421.1|Mus                                            1.8585901 1.7784571 1.8515277 1.8240056 1.3474642 1.4446460 1.3975471 1.4163952 1.3236065 1.3979065 1.6397601 1.6145167 1.5175481 1.4461895 1.6212015 1.6631077 1.5496924 1.6085784 1.4953786 0.4000664 0.4125445 0.3801910 0.4312830 0.3461724 0.1394042 0.4697044 0.5291258 0.5023344 0.4493243 0.6821140 0.6605926 0.4894906 0.5338399 0.6581292 0.6291668 0.4754936 0.5434506 0.0000000 0.4440577 0.6587309 0.3777278 0.6888533 0.4326030 0.3689836 0.3973807 0.4208435 0.3435799 0.4554442 0.4092475 0.3562592 0.3952711 0.6718855 0.6427641 0.9837800 0.9560623 1.0132129 4.6714233 1.3831656 1.3815318 4.9984182 5.0255155 5.1932403 5.1988182 5.0126689 4.9834049 5.1932403 5.1932403 5.2099152 5.0661187 5.1062804 5.3796018 5.1932403 5.2562699 7.0912692 6.4114740 6.6717945 6.0008509 6.8974568 
AKR1C21|NP_084177.2|Mus                                            2.0145092 1.9695657 1.9959493 1.9503327 1.5581305 1.6048619 1.6837540 1.7057591 1.6040301 1.5776919 1.9041283 1.8410727 1.7245607 1.7817305 1.8462922 1.7806894 1.8335865 1.8084130 1.8029399 0.4460338 0.4409149 0.4688323 0.4697828 0.4528477 0.3931545 0.5629264 0.5578118 0.5796154 0.5380450 0.6862602 0.6689111 0.5333041 0.7042705 0.6899938 0.6521655 0.4823178 0.5738536 0.4440577 0.0000000 0.6682413 0.4738165 0.6807030 0.4872296 0.4992853 0.5108096 0.5185853 0.4772341 0.5163080 0.5007038 0.4340709 0.5364042 0.6695856 0.6608252 1.0280450 1.0346936 1.1171174 5.3911655 1.6635132 1.5805689 4.4380342 4.4177970 4.4416559 4.5336893 4.4148246 4.3786606 4.4416559 4.4416559 4.5196914 4.3496159 4.3791288 4.5199165 4.4416559 4.4588977 6.0381411 5.5220229 5.6995560 5.3557028 5.9367640 
AKR1C22|BAD02825.1|Mus                                             1.9343821 1.8853310 1.9314293 1.9304236 1.6436203 1.6034500 1.6474043 1.6509594 1.6378711 1.6205198 1.7943083 1.6867918 1.6071186 1.6808640 1.6817427 1.7133340 1.8044467 1.7404385 1.7270940 0.6225832 0.6305554 0.6728233 0.6343154 0.6722051 0.6473169 0.6434566 0.6864435 0.7069937 0.6296747 0.0761923 0.0032465 0.7195133 0.7547536 0.1164175 0.1776528 0.6131690 0.4432206 0.6587309 0.6682413 0.0000000 0.6204115 0.1532154 0.6207756 0.5380391 0.5510079 0.6029228 0.6165182 0.6337838 0.6397470 0.6380675 0.6820744 0.1906992 0.1988725 1.2874862 1.3013273 1.3178285 5.9653288 1.5805471 1.6053378 4.8885686 4.9348962 5.3121443 5.0684314 4.8628237 4.8900706 5.3121443 5.3121443 5.0017768 5.2323029 5.1843510 5.2595530 5.3121443 5.1932362 5.9371526 5.5072386 5.7005963 5.3640239 6.0988043 
AKR1C23|AAY16444.1|Equus                                           1.8679872 1.8341699 1.8728075 1.8121354 1.4189427 1.3979474 1.4495195 1.4725241 1.4558289 1.3984384 1.6476657 1.5543219 1.5199361 1.5411415 1.6012349 1.6402488 1.5973208 1.6586024 1.5866303 0.2596520 0.2784906 0.3182995 0.3080999 0.3098836 0.3552392 0.3878766 0.4666487 0.5245311 0.3618831 0.6158988 0.6218824 0.5092878 0.5655257 0.5711853 0.5946243 0.4308764 0.5204697 0.3777278 0.4738165 0.6204115 0.0000000 0.5887304 0.3025485 0.3768939 0.3779116 0.3734552 0.3117452 0.3229373 0.3332397 0.2948227 0.3867531 0.6024611 0.5403347 0.9425834 0.9487401 0.9863656 5.7415384 1.4755958 1.4363563 4.5579302 4.5251659 4.8328626 4.6464759 4.4884503 4.4842987 4.8328626 4.8328626 4.7335160 4.7284211 4.7133162 4.8459399 4.8328626 4.7948220 5.9675313 5.4113274 5.5863858 5.2570862 5.7045093 
AKR1C24|BAE75957.1|Rattus                                          2.0807488 2.0166918 2.0614883 2.0548747 1.6390211 1.5813275 1.5843987 1.6037941 1.6252529 1.5842157 1.7707426 1.7336553 1.6652127 1.6475494 1.7376706 1.7141652 1.7782186 1.7389131 1.6790399 0.5592659 0.5666952 0.6024058 0.6002672 0.6447221 0.6210527 0.6202483 0.6583669 0.7046523 0.6467916 0.1043772 0.1492586 0.7263266 0.7677905 0.1132777 0.1486342 0.6025334 0.4645396 0.6888533 0.6807030 0.1532154 0.5887304 0.0000000 0.6009474 0.5608848 0.5526763 0.6057798 0.5926140 0.5906911 0.5966761 0.6271779 0.6388002 0.2083065 0.2235714 1.3172822 1.3349543 1.3138717 5.7568492 1.6173583 1.5832055 4.8731262 4.9200251 5.2262363 5.0552868 4.8470567 4.8746426 5.2262363 5.2262363 5.0676914 5.2000299 5.1512277 5.3340939 5.2262363 5.2628330 6.0199903 5.5223825 5.7793068 5.3072884 6.2154845 
AKR1C25|BAB63209.2|Macaca                                          1.8556518 1.8209867 1.8177538 1.7583749 1.4682907 1.5174440 1.5716593 1.5959194 1.5442434 1.4625522 1.6657609 1.6353325 1.5546778 1.5846150 1.6515384 1.6877223 1.7035797 1.7086984 1.6222713 0.2309636 0.2554932 0.2171582 0.0676745 0.3114032 0.3605171 0.4472448 0.5302579 0.5210608 0.3984317 0.5875285 0.6214927 0.5373817 0.5384528 0.6043073 0.6164216 0.4755513 0.5277359 0.4326030 0.4872296 0.6207756 0.3025485 0.6009474 0.0000000 0.3940313 0.3657244 0.3809989 0.3417207 0.3497628 0.3328729 0.2845095 0.3764866 0.6216976 0.5663867 1.0002048 0.9655468 1.0172717 5.4135994 1.5090149 1.5058934 4.6407795 4.5969645 4.6773579 4.7182922 4.5882245 4.5560763 4.6773579 4.6773579 4.7523726 4.5825907 4.5800376 4.8394005 4.6773579 4.8194748 6.0325331 5.5718763 5.6367877 5.4272441 6.0568179 
AKR1C26|BAM37087.1|Oryctolagus                                     1.8697458 1.8795342 1.8960770 1.8981582 1.3054859 1.4023113 1.4438289 1.4686925 1.4297801 1.3911261 1.6597799 1.5837211 1.5121425 1.4759188 1.6219267 1.5966367 1.6404238 1.6050955 1.5505252 0.3883559 0.3886839 0.3852655 0.3851515 0.2776616 0.3732118 0.4430843 0.5698522 0.5362313 0.4374565 0.5603018 0.5394446 0.5207387 0.5085185 0.5380646 0.5641530 0.5289903 0.4757148 0.3689836 0.4992853 0.5380391 0.3768939 0.5608848 0.3940313 0.0000000 0.1458712 0.1554403 0.2890905 0.3012636 0.2988104 0.2454762 0.4002069 0.5291243 0.5482805 1.0264507 1.0606599 1.0852925 5.3997935 1.4789905 1.5043587 4.3189028 4.3527280 4.5676768 4.4680912 4.3274243 4.3137626 4.5676768 4.5676768 4.6370625 4.4670027 4.4558971 4.6909195 4.5676768 4.7172913 5.7268079 5.1867329 5.4385738 5.1644401 5.6783188 
AKR1C27|BAM37088.1|Oryctolagus                                     1.8524331 1.8154131 1.8292181 1.8333515 1.3246025 1.4133094 1.5082920 1.5339024 1.4549003 1.4208472 1.6609113 1.5658138 1.4987103 1.5380122 1.5979959 1.5944352 1.6652875 1.6767009 1.5334663 0.3665332 0.3741364 0.3767093 0.3832630 0.2941074 0.3795730 0.4565087 0.5276414 0.5007657 0.4919736 0.5496425 0.5518199 0.5047546 0.5795118 0.5510976 0.5713591 0.4541568 0.5178159 0.3973807 0.5108096 0.5510079 0.3779116 0.5526763 0.3657244 0.1458712 0.0000000 0.0504558 0.2557706 0.2826620 0.2714156 0.2569226 0.3892882 0.5309553 0.5091264 1.0182069 1.0412188 1.0546051 5.5561855 1.5042337 1.5353650 4.4600991 4.4885543 4.6138263 4.6077152 4.4691654 4.4483583 4.6138263 4.6138263 4.6383126 4.5067470 4.5010566 4.7850105 4.6138263 4.7813813 5.9029092 5.2771355 5.5502103 5.3196443 5.8458581 
AKR1C28|BAM37089.1|Oryctolagus                                     1.8968825 1.8634163 1.8617286 1.8638006 1.3711056 1.4563466 1.5414610 1.5675775 1.4906918 1.4639358 1.6900703 1.6020235 1.5336955 1.5640757 1.6382491 1.6189451 1.6832582 1.7210490 1.5928829 0.3581493 0.3768373 0.3694410 0.3925600 0.3002555 0.3869792 0.4503134 0.5231350 0.5358866 0.4867864 0.6016068 0.6036688 0.5433320 0.5861906 0.6046980 0.6252851 0.4562767 0.5594808 0.4208435 0.5185853 0.6029228 0.3734552 0.6057798 0.3809989 0.1554403 0.0504558 0.0000000 0.2573412 0.2885903 0.2794331 0.2625917 0.3956845 0.5776741 0.5401933 1.0166841 1.0283473 1.0509873 5.6851590 1.4891305 1.5161815 4.4935829 4.5226868 4.6701843 4.6443274 4.5028874 4.4817023 4.6701843 4.6701843 4.6920690 4.5604082 4.5545705 4.8183071 4.6701843 4.8145221 5.7644084 5.1916825 5.4392435 5.2309187 5.7524511 
AKR1C29|BAN20006.1|Oryctolagus                                     1.8140977 1.7609345 1.7703134 1.7545648 1.2612923 1.3039943 1.3418538 1.3428716 1.3119701 1.2854713 1.4984405 1.5338163 1.4303943 1.3700468 1.5477027 1.4869620 1.5017111 1.4720965 1.4088825 0.2987464 0.3157771 0.3135315 0.3542625 0.2006303 0.3480654 0.4252472 0.5106899 0.4870288 0.4381696 0.6048036 0.6172440 0.4770835 0.4993601 0.5596117 0.5997380 0.4533220 0.4386458 0.3435799 0.4772341 0.6165182 0.3117452 0.5926140 0.3417207 0.2890905 0.2557706 0.2573412 0.0000000 0.2060194 0.1867376 0.1969884 0.3278132 0.6197682 0.5589013 0.8814166 0.8875272 0.9051524 5.6758254 1.3920391 1.4116000 4.1516303 4.1864738 4.2348362 4.2946129 4.1690294 4.1498210 4.2348362 4.2348362 4.5180123 4.1337089 4.1286345 4.5814329 4.2348362 4.5810045 5.5953228 5.1107797 5.3799910 5.0879199 5.5880765 
