78
AKR1A1|NP_006057.1|Homo                                            0.0000000 0.0657257 0.0689482 0.0756355 1.3361206 1.3337003 1.3333948 1.3371101 1.4204801 1.2930093 1.4622088 1.4102478 1.4791530 1.4353144 1.4450397 1.4959247 1.5661890 1.5427361 1.4049313 1.7879988 1.7882381 1.9451939 1.8325742 1.8913138 1.9560658 1.9185630 2.0578604 2.0917516 1.8732181 2.0090949 1.9514759 2.0694467 2.0143833 1.9674653 2.0329846 1.9976326 1.9963633 1.8641354 2.0206019 1.9401585 1.8735155 2.0871519 1.8609602 1.8752016 1.8577984 1.9023942 1.8192746 1.8519690 1.8673725 1.7925318 1.8459527 1.9386263 2.0116124 1.7682021 1.6785943 1.8225099 7.1832055 1.5546857 1.7161924 4.6900407 4.7306088 4.8228218 4.8560421 4.7049757 4.7145186 4.8228218 4.8228218 5.2730034 4.7056431 4.8371165 5.1621722 4.8228218 5.3052934 4.9979444 4.5414944 5.0045058 4.7258949 4.9839523 
AKR1A2|P50578.3|Sus                                                0.0657257 0.0000000 0.0843614 0.0984942 1.3379354 1.3133684 1.3292620 1.3329542 1.3870485 1.2839526 1.4370486 1.4190108 1.4611976 1.3847424 1.4440825 1.4720996 1.5515773 1.5182920 1.3889380 1.7537259 1.7678164 1.8962408 1.8161347 1.8723627 1.8722044 1.8901383 2.0309473 2.0563871 1.8701928 1.9577506 1.9020174 2.0396799 2.0029234 1.9062752 1.9732093 1.9695316 1.9499052 1.7837045 1.9754707 1.8909232 1.8395482 2.0228698 1.8261982 1.8850089 1.8206043 1.8687754 1.7658587 1.8309537 1.8446331 1.7617392 1.7738260 1.9516569 1.9726247 1.7140741 1.6363853 1.7951851 7.0857116 1.5293405 1.7025961 4.6495019 4.6898931 4.7749062 4.8147183 4.6643212 4.6738512 4.7749062 4.7749062 5.3368071 4.6582651 4.7892174 5.1888035 4.7749062 5.3339580 5.0449159 4.5340112 4.9644554 4.7425233 4.9846345 
AKR1A3|P51635.2|Rattus                                             0.0689482 0.0843614 0.0000000 0.0293652 1.3289044 1.2962316 1.3555044 1.3540988 1.3912895 1.2798541 1.4160769 1.3879857 1.4610712 1.3885439 1.4028592 1.4517714 1.5556615 1.5002971 1.3823894 1.7795187 1.7812410 1.9286300 1.8054384 1.8584999 1.9383920 1.8772789 2.0387455 2.1156776 1.8459662 1.9997564 1.9485114 2.1457140 1.9565999 1.9627644 2.0146145 1.9717345 1.9537203 1.8571045 2.0020274 1.9371714 1.8784389 2.0677833 1.8229554 1.9017064 1.8345051 1.8671315 1.7753731 1.8143678 1.8527499 1.7787353 1.8587049 1.9310250 1.9847205 1.8188674 1.6903479 1.8317815 7.2260750 1.5022950 1.6557218 4.5898322 4.6297228 4.7240989 4.7226168 4.6043939 4.6138483 4.7240989 4.7240989 5.2796568 4.6553830 4.7490570 5.1199343 4.7240989 5.2631343 4.8811241 4.5999991 4.9330365 4.7850000 5.0967367 
AKR1A4|NP_067448.1|Mus                                             0.0756355 0.0984942 0.0293652 0.0000000 1.3647687 1.3021681 1.3580807 1.3595750 1.4044633 1.3000847 1.4137305 1.3625018 1.4383884 1.3963797 1.3771479 1.4255380 1.5369550 1.4731583 1.3570084 1.7141389 1.7157226 1.8640357 1.7446552 1.8399270 1.8910371 1.8592433 2.0095770 2.0567503 1.7967490 1.9950740 1.9475858 2.1022196 1.9298800 1.9225505 1.9738100 1.9408592 1.9143815 1.8295355 1.9562348 1.9362239 1.8175277 2.0612012 1.7634030 1.9038507 1.8387108 1.8692642 1.7595878 1.8276744 1.8662335 1.7672994 1.7903632 1.9188965 1.9817813 1.7932644 1.7039738 1.8050215 7.4499239 1.5060854 1.6600535 4.5207372 4.4879212 4.6990550 4.5765536 4.4634168 4.4725994 4.6990550 4.6990550 5.1654343 4.6310616 4.7236892 5.0429288 4.6990550 5.1836674 4.8362239 4.5763999 4.9080519 4.7606458 5.0721105 
AKR1B1|NP_001619.1|Homo                                            1.3361206 1.3379354 1.3289044 1.3647687 0.0000000 0.1317958 0.1809055 0.1800178 0.1740574 0.1677539 0.4941911 0.5195849 0.4899994 0.4972031 0.4851341 0.5529684 0.5842793 0.5255885 0.4655727 1.4532220 1.4330723 1.4532407 1.4454030 1.2813355 1.4104273 1.3601448 1.5281079 1.6122573 1.4210841 1.6171828 1.6365415 1.5570472 1.3819311 1.6537474 1.7494092 1.4742008 1.5014924 1.3507323 1.5622257 1.6478926 1.4224878 1.6433859 1.4720280 1.3085002 1.3276765 1.3743230 1.2642006 1.3402387 1.3261978 1.3595859 1.4063000 1.7051255 1.7079200 1.2835356 1.2004080 1.3942233 6.2618302 0.8314762 0.8755143 4.3565832 4.3783735 4.4872914 4.4825182 4.3756515 4.3390731 4.4872914 4.4872914 5.0344651 4.3166637 4.3815553 4.8832106 4.4872914 5.0163963 5.6045485 5.0121951 5.4992815 5.1189723 5.2611287 
AKR1B2|P15122.3|Oryctolagus|cuniculus|Animalia|Mammalia|Lagomorpha 1.3337003 1.3133684 1.2962316 1.3021681 0.1317958 0.0000000 0.1424340 0.1462772 0.1711396 0.1789060 0.5092022 0.5023781 0.4880663 0.4750386 0.4774862 0.5439585 0.5465947 0.5002997 0.4733240 1.4770498 1.4565221 1.4983108 1.5063694 1.3346859 1.4681222 1.4135926 1.5499020 1.6382077 1.4562659 1.5776298 1.5963236 1.6100989 1.4290725 1.5862445 1.6750498 1.5149472 1.5552691 1.4482266 1.6091485 1.6075553 1.4014255 1.5853926 1.5213754 1.4056192 1.4166992 1.4598793 1.3070696 1.3883254 1.3870861 1.4292951 1.4667016 1.6493239 1.5868367 1.4104904 1.2666167 1.4427914 6.7874886 0.7629823 0.8395899 4.4895512 4.5406162 4.6263187 4.6506011 4.5096748 4.4993144 4.6263187 4.6263187 5.2005461 4.5376129 4.6052630 5.0582718 4.6263187 5.2299900 5.9106374 5.1955059 5.9247392 5.4146392 5.6819452 
AKR1B3|P45376.3|Mus                                                1.3333948 1.3292620 1.3555044 1.3580807 0.1809055 0.1424340 0.0000000 0.0333006 0.2193945 0.2184534 0.5659849 0.5746734 0.5484811 0.5266319 0.5551744 0.6160322 0.5972919 0.5642790 0.5428924 1.5723484 1.5628557 1.5696044 1.5120488 1.3988763 1.4455318 1.4922312 1.6165886 1.6456727 1.5315295 1.6108621 1.6402476 1.6215929 1.4690646 1.6380167 1.7281654 1.5950095 1.5917889 1.4011435 1.6885238 1.6517421 1.4532303 1.5885256 1.5758517 1.4473713 1.5120527 1.5453474 1.3451279 1.3949668 1.4077585 1.5123121 1.4639102 1.6985567 1.6684045 1.4543941 1.3732727 1.5659268 6.5864386 0.8400805 0.9338706 4.3265448 4.3729706 4.4141257 4.4754876 4.3451492 4.3342601 4.4141257 4.4141257 4.9145118 4.3431003 4.3464716 4.7667830 4.4141257 4.8549729 5.4535139 4.8241778 5.3570502 5.0052005 5.3070766 
AKR1B4|NP_036630.1|Rattus                                          1.3371101 1.3329542 1.3540988 1.3595750 0.1800178 0.1462772 0.0333006 0.0000000 0.2160091 0.2214911 0.5624667 0.5626916 0.5212172 0.5075458 0.5420258 0.6065062 0.5766669 0.5551715 0.5376821 1.5964518 1.5868889 1.5899849 1.5346985 1.4203006 1.4653892 1.5191532 1.6354792 1.6696972 1.5519253 1.6144706 1.6438440 1.6441807 1.4672938 1.6390244 1.7290475 1.6184358 1.5866515 1.4200333 1.7106288 1.6553288 1.4763626 1.6079978 1.6002500 1.4723489 1.5377852 1.5715898 1.3461333 1.4027066 1.4155481 1.5323047 1.4862114 1.7086944 1.6754549 1.4204205 1.3429149 1.5299731 6.7239806 0.8321847 0.9260184 4.4213376 4.4705530 4.5435365 4.5765288 4.4406749 4.4306451 4.5435365 4.5435365 5.0278435 4.4701224 4.4733872 4.8762863 4.5435365 4.9666888 5.5709353 4.9218300 5.4699506 5.0919741 5.4164404 
AKR1B5|P16116.2|Bos                                                1.4204801 1.3870485 1.3912895 1.4044633 0.1740574 0.1711396 0.2193945 0.2160091 0.0000000 0.1298125 0.5790917 0.5865997 0.5642171 0.5086998 0.5631983 0.6115122 0.5940956 0.5613278 0.5171367 1.5111635 1.4902970 1.4904975 1.5360483 1.3489668 1.4155945 1.4536786 1.5367234 1.6632058 1.4676201 1.5915717 1.6307055 1.6286684 1.4411553 1.6195168 1.7172364 1.4974948 1.5432630 1.3267648 1.6083120 1.6420508 1.4594468 1.6295122 1.5481993 1.4331389 1.4583473 1.4942642 1.3150204 1.3935400 1.3549978 1.4303910 1.4714179 1.7351997 1.6905151 1.3884131 1.2596648 1.4886613 6.5901160 0.8716939 0.9534149 4.8861166 4.9129721 4.8496287 5.0331859 4.9087798 4.8681797 4.8496287 4.8496287 5.4468739 4.7421955 4.8115458 5.2984774 4.8496287 5.4756382 6.0196253 5.2876005 5.8049626 5.4186740 5.6435530 
AKR1B6|P80276.2|Sus                                                1.2930093 1.2839526 1.2798541 1.3000847 0.1677539 0.1789060 0.2184534 0.2214911 0.1298125 0.0000000 0.5696744 0.5850080 0.5637878 0.5105168 0.5681844 0.6390569 0.6049638 0.5924337 0.5456874 1.4708639 1.4503097 1.4719617 1.4572816 1.3298223 1.4381111 1.4314316 1.5132510 1.6829899 1.4496608 1.5499854 1.6132826 1.6296684 1.3951054 1.5992493 1.7156300 1.4983631 1.5525632 1.4013558 1.5818030 1.6245728 1.4018940 1.5882324 1.4662288 1.3943960 1.4242250 1.4674443 1.2884856 1.3764339 1.3287631 1.4115952 1.4475786 1.6410374 1.5961812 1.3764825 1.2907888 1.4939241 6.1383945 0.8503819 0.9542783 4.4274597 4.4495964 4.5391271 4.5543966 4.4467400 4.4101023 4.5391271 4.5391271 5.0353775 4.4304486 4.4949583 4.8782879 4.5391271 4.9981078 5.4365348 4.7609846 5.2869448 4.9514796 5.1013862 
AKR1B7|P21300.4|Mus                                                1.4622088 1.4370486 1.4160769 1.4137305 0.4941911 0.5092022 0.5659849 0.5624667 0.5790917 0.5696744 0.0000000 0.2475064 0.2933214 0.2880969 0.2531451 0.1599668 0.3510913 0.1840836 0.3041727 1.6887214 1.6440166 1.6644596 1.5966576 1.5560938 1.7210135 1.5707840 1.7558577 1.7960768 1.6516201 1.7914158 1.7872240 1.8721438 1.6389002 1.7084231 1.7958472 1.7715125 1.7525506 1.6440902 1.9097172 1.7991988 1.6521451 1.7756296 1.6703359 1.6642119 1.6653661 1.6946320 1.5021683 1.6118150 1.6439946 1.6693194 1.7171302 1.8105715 1.7106888 1.4196836 1.4853412 1.4828213 7.5837131 0.8627860 0.9209666 4.8614783 4.9341511 4.7978930 5.0579995 4.8653618 4.8880995 4.7978930 4.7978930 5.3091496 4.7938392 4.7968085 5.0704997 4.7978930 5.1469024 6.2785669 5.8091129 6.4478050 5.9060227 6.2508226 
AKR1B8|NP_032038.1|Mus                                             1.4102478 1.4190108 1.3879857 1.3625018 0.5195849 0.5023781 0.5746734 0.5626916 0.5865997 0.5850080 0.2475064 0.0000000 0.0903743 0.2543528 0.0635801 0.2345899 0.3013603 0.2294890 0.2125552 1.6158199 1.5764111 1.6856964 1.6077670 1.5226738 1.7674619 1.6088079 1.8150050 1.8361739 1.6012391 1.7196813 1.6798487 1.8305804 1.6370515 1.7050187 1.8160948 1.8238569 1.6781641 1.6187520 1.8464565 1.6913269 1.5584631 1.7384927 1.6398159 1.5878458 1.5698685 1.6061894 1.5377237 1.6329907 1.6425058 1.6476447 1.6627646 1.7778262 1.6674075 1.4633527 1.4604627 1.5371102 7.3487460 0.8896110 0.9307101 4.5468219 4.6130181 4.6396139 4.7251132 4.5498630 4.5709865 4.6396139 4.6396139 5.1983255 4.6356159 4.6387621 5.0666260 4.6396139 5.1438780 6.4339464 5.8559618 6.3712237 5.9589745 6.2651427 
AKR1B9|AAC53199.1|Cricetulus                                       1.4791530 1.4611976 1.4610712 1.4383884 0.4899994 0.4880663 0.5484811 0.5212172 0.5642171 0.5637878 0.2933214 0.0903743 0.0000000 0.2377720 0.1035575 0.2806404 0.2791532 0.2812915 0.1971837 1.5291828 1.4913288 1.5735826 1.5062631 1.4955937 1.6914398 1.5119585 1.7150733 1.7168605 1.5366789 1.6404040 1.6002269 1.7084293 1.5368641 1.6304884 1.7184995 1.7485833 1.7066862 1.5213709 1.7294302 1.6113207 1.5239018 1.6697575 1.5588396 1.5159629 1.5024715 1.5375634 1.4338589 1.5152464 1.5254533 1.5619402 1.5695461 1.7105636 1.6205066 1.3489250 1.3954593 1.4449812 6.7053837 0.9261323 0.9722913 4.6054832 4.6581580 4.5414203 4.7713809 4.6086593 4.6157394 4.5414203 4.5414203 4.9193166 4.5723228 4.5264182 4.9087227 4.5414203 4.9835770 6.4961916 5.8295789 6.2842484 5.8919360 6.1692083 
AKR1B10|NP_064695.3|Homo                                           1.4353144 1.3847424 1.3885439 1.3963797 0.4972031 0.4750386 0.5266319 0.5075458 0.5086998 0.5105168 0.2880969 0.2543528 0.2377720 0.0000000 0.2603465 0.3352293 0.0974474 0.2559065 0.1960646 1.5621345 1.5181569 1.5573359 1.5334027 1.4139233 1.5694523 1.5134519 1.6734914 1.6901815 1.5018553 1.7041751 1.6738019 1.6953794 1.4664240 1.6028786 1.7345433 1.6919833 1.5778766 1.4498615 1.7868461 1.6853072 1.5452267 1.6520118 1.5888969 1.4795804 1.5419420 1.5681253 1.3733650 1.5382205 1.4832839 1.4909239 1.5416846 1.7228400 1.6645437 1.3295665 1.3077708 1.3671612 7.2741155 0.9404025 0.9790754 4.5222552 4.5741127 4.5533311 4.6857785 4.5427208 4.5322214 4.5533311 4.5533311 5.2117408 4.5493395 4.5525914 5.2286020 4.5533311 5.3071310 5.7786054 5.2975202 5.7840806 5.4385206 5.7307947 
AKR1B13|CAC80649.1|Rattus                                          1.4450397 1.4440825 1.4028592 1.3771479 0.4851341 0.4774862 0.5551744 0.5420258 0.5631983 0.5681844 0.2531451 0.0635801 0.1035575 0.2603465 0.0000000 0.2467002 0.2867504 0.2322402 0.2318695 1.6441435 1.6041478 1.7026335 1.6237535 1.5664723 1.7823961 1.6385518 1.7439194 1.8695652 1.6319289 1.7353511 1.6748162 1.8905646 1.6795604 1.6999344 1.8380310 1.7704499 1.6788908 1.6255051 1.8517588 1.6862992 1.6056104 1.7425568 1.6561561 1.6262260 1.6021943 1.6425898 1.5517123 1.6378302 1.6542803 1.6835693 1.6950052 1.7595738 1.6847597 1.4403391 1.4580669 1.5144480 7.3326848 0.9180125 0.9412545 4.5375573 4.5894152 4.6170095 4.7010294 4.5405798 4.5475483 4.6170095 4.6170095 5.0911058 4.6130152 4.6161880 5.0025137 4.6170095 5.0768657 6.5970541 5.9291788 6.4620198 6.0351795 6.3428267 
AKR1B14|NP_446233.2|Rattus                                         1.4959247 1.4720996 1.4517714 1.4255380 0.5529684 0.5439585 0.6160322 0.6065062 0.6115122 0.6390569 0.1599668 0.2345899 0.2806404 0.3352293 0.2467002 0.0000000 0.3685076 0.1527904 0.2923075 1.6474926 1.5985896 1.6897399 1.6286831 1.5518035 1.6575606 1.5566789 1.7999727 1.7442619 1.6355817 1.7196044 1.7062789 1.7812891 1.6064140 1.6921672 1.7435299 1.7907072 1.7226905 1.6675092 1.7857055 1.7178222 1.6446284 1.7187966 1.6923288 1.6007398 1.5985271 1.6231376 1.4906104 1.5751018 1.5490294 1.6462134 1.6635821 1.7497396 1.7118622 1.4694004 1.4648018 1.5483863 7.2994974 0.9169142 0.9313780 4.6358211 4.7034408 4.7398265 4.8181334 4.6390747 4.6605310 4.7398265 4.7398265 5.1870503 4.7977715 4.7011164 5.0042930 4.7398265 5.0803281 6.3249544 5.9267167 6.3820910 5.9708970 6.3846335 
AKR1B15|EAL24068.1|Homo                                            1.5661890 1.5515773 1.5556615 1.5369550 0.5842793 0.5465947 0.5972919 0.5766669 0.5940956 0.6049638 0.3510913 0.3013603 0.2791532 0.0974474 0.2867504 0.3685076 0.0000000 0.3010036 0.2677825 1.6437742 1.6200331 1.6559398 1.6496255 1.5567653 1.6271693 1.6013661 1.7225022 1.7296277 1.6993121 1.8305991 1.7974529 1.8601520 1.5825083 1.7414153 1.8276664 1.7358090 1.7839457 1.5538097 1.8390705 1.8095690 1.6016515 1.7833390 1.7084155 1.6448028 1.6698073 1.6878319 1.5056069 1.6585076 1.5814664 1.6311642 1.6591524 1.8314888 1.7579129 1.4468221 1.4252447 1.5022112 7.8321361 1.0453826 1.0314978 4.9211678 4.9803872 4.9073629 5.1075054 4.9449208 4.9332108 4.9073629 4.9073629 5.6329044 4.9033459 4.9061225 5.6943204 4.9073629 5.7808855 6.3768973 5.8328952 6.3939031 5.9976094 6.3086533 
AKR1B18|NP_001013102.1|Rattus                                      1.5427361 1.5182920 1.5002971 1.4731583 0.5255885 0.5002997 0.5642790 0.5551715 0.5613278 0.5924337 0.1840836 0.2294890 0.2812915 0.2559065 0.2322402 0.1527904 0.3010036 0.0000000 0.2943286 1.6745154 1.6281892 1.6574223 1.6490761 1.5336040 1.6571364 1.5837767 1.7583401 1.7436197 1.6289041 1.7507561 1.7333461 1.8000849 1.6722048 1.6790569 1.7380013 1.7366843 1.7462764 1.6129057 1.8136762 1.7451030 1.6632225 1.7436901 1.7134703 1.6093357 1.6812837 1.7258189 1.4758174 1.5945181 1.5841555 1.6338586 1.6995173 1.8448234 1.7532335 1.4629994 1.4888990 1.5292186 7.6608957 0.9002367 0.9234413 4.7670510 4.8379924 4.8728215 4.9587240 4.7706857 4.7930084 4.8728215 4.8728215 5.3744608 4.8413151 4.8414109 5.2587302 4.8728215 5.3387862 6.3474611 5.8818250 6.6104846 5.9073684 6.4112444 
AKR1B19|NP_001254517.1|Oryctolagus                                 1.4049313 1.3889380 1.3823894 1.3570084 0.4655727 0.4733240 0.5428924 0.5376821 0.5171367 0.5456874 0.3041727 0.2125552 0.1971837 0.1960646 0.2318695 0.2923075 0.2677825 0.2943286 0.0000000 1.5707942 1.5419338 1.6478574 1.5943672 1.4662350 1.6900816 1.5502185 1.7495863 1.7284670 1.6019242 1.6723188 1.7199686 1.7471551 1.4441506 1.6789925 1.7839490 1.7195228 1.7247078 1.4992405 1.8081390 1.7317422 1.5908361 1.6836320 1.6266582 1.5544515 1.5373348 1.5969428 1.4123172 1.5826430 1.4846202 1.5408294 1.5682026 1.7382007 1.7255944 1.3484049 1.3754568 1.4316210 6.6751745 0.9952584 1.0638795 4.5351669 4.5483710 4.5251604 4.6575838 4.5381563 4.5450565 4.5251604 4.5251604 5.1345489 4.5211798 4.5244578 5.1338543 4.5251604 5.2120392 5.9094593 5.2607458 5.7145460 5.4009599 5.6312418 
AKR1C1|NP_001344.2|Homo                                            1.7879988 1.7537259 1.7795187 1.7141389 1.4532220 1.4770498 1.5723484 1.5964518 1.5111635 1.4708639 1.6887214 1.6158199 1.5291828 1.5621345 1.6441435 1.6474926 1.6437742 1.6745154 1.5707942 0.0000000 0.0231074 0.1516347 0.2321111 0.2837991 0.3531080 0.3449183 0.5173222 0.5401184 0.3473551 0.5747903 0.6241850 0.5532172 0.5188648 0.5702885 0.5814936 0.4515328 0.4700903 0.4005086 0.4465602 0.6234711 0.2598462 0.5600114 0.2311192 0.3887360 0.3669078 0.3585145 0.2990036 0.3335566 0.3385209 0.2554214 0.3347907 0.6147725 0.5668946 0.9452001 0.9171403 0.9643281 5.4221517 1.5194389 1.5440640 4.5915188 4.5469471 4.6864092 4.6693657 4.5381499 4.5059391 4.6864092 4.6864092 4.8412772 4.6301875 4.5866886 4.9524754 4.6864092 4.9121443 5.6451497 5.3896048 5.4536773 5.1608292 5.9794622 
AKR1C2|NP_001345.1|Homo                                            1.7882381 1.7678164 1.7812410 1.7157226 1.4330723 1.4565221 1.5628557 1.5868889 1.4902970 1.4503097 1.6440166 1.5764111 1.4913288 1.5181569 1.6041478 1.5985896 1.6200331 1.6281892 1.5419338 0.0231074 0.0000000 0.1653906 0.2521805 0.3058779 0.3764666 0.3679479 0.5390708 0.5564947 0.3603351 0.5823425 0.6321568 0.5657032 0.5420266 0.5735811 0.5663970 0.4674458 0.4739606 0.4130112 0.4414281 0.6314510 0.2787072 0.5674462 0.2556762 0.3890605 0.3745184 0.3772240 0.3160617 0.3514990 0.3666585 0.2808911 0.3627176 0.6226538 0.5806239 0.9435962 0.9133229 0.9728481 5.3673372 1.5285592 1.5440801 4.4930721 4.4495211 4.5858782 4.5684761 4.4409781 4.4096194 4.5858782 4.5858782 4.7042063 4.5311442 4.4887620 4.8123072 4.5858782 4.7733686 5.6504899 5.4067315 5.6199345 5.1300188 5.9933176 
AKR1C3|NP_003730.4|Homo                                            1.9451939 1.8962408 1.9286300 1.8640357 1.4532407 1.4983108 1.5696044 1.5899849 1.4904975 1.4719617 1.6644596 1.6856964 1.5735826 1.5573359 1.7026335 1.6897399 1.6559398 1.6574223 1.6478574 0.1516347 0.1653906 0.0000000 0.2156943 0.3296946 0.3668551 0.3905216 0.4765715 0.5160149 0.3469260 0.6170241 0.6744363 0.5194164 0.5380774 0.6260463 0.6212786 0.4226240 0.4968870 0.3805961 0.4694077 0.6737824 0.3185773 0.6032067 0.2173022 0.3856320 0.3770854 0.3698025 0.3138059 0.3638220 0.3560835 0.2916514 0.3537552 0.6549704 0.6176187 1.0383415 0.9780816 1.0779520 5.5929355 1.5260758 1.6081616 4.5743674 4.5303113 4.7179538 4.6511935 4.5216254 4.4898079 4.7179538 4.7179538 4.6809435 4.6472918 4.6006335 4.8089264 4.7179538 4.7658255 6.1406567 5.5940915 5.7132911 5.3892523 6.0395983 
AKR1C4|P17516.3|Homo                                               1.8325742 1.8161347 1.8054384 1.7446552 1.4454030 1.5063694 1.5120488 1.5346985 1.5360483 1.4572816 1.5966576 1.6077670 1.5062631 1.5334027 1.6237535 1.6286831 1.6496255 1.6490761 1.5943672 0.2321111 0.2521805 0.2156943 0.0000000 0.3120925 0.3731257 0.4093791 0.5311613 0.5316029 0.3746794 0.6045186 0.6358912 0.5389928 0.5144904 0.5971021 0.6228039 0.4736235 0.5304109 0.4317715 0.4703413 0.6351924 0.3083559 0.6010723 0.0676862 0.3855489 0.3836633 0.3929690 0.3545951 0.3666510 0.3461805 0.2960438 0.3727606 0.6259574 0.5930423 0.9964068 0.9512838 1.0085944 5.5064377 1.5254926 1.5372856 4.5074467 4.4644501 4.7443174 4.5819563 4.4560071 4.4250245 4.7443174 4.7443174 4.7411092 4.6287825 4.5886711 4.8695895 4.7443174 4.8495750 5.7180952 5.4223476 5.4872579 5.2064629 5.9058905 
AKR1C5|P80508.1|Oryctolagus                                        1.8913138 1.8723627 1.8584999 1.8399270 1.2813355 1.3346859 1.3988763 1.4203006 1.3489668 1.3298223 1.5560938 1.5226738 1.4955937 1.4139233 1.5664723 1.5518035 1.5567653 1.5336040 1.4662350 0.2837991 0.3058779 0.3296946 0.3120925 0.0000000 0.2993274 0.4006850 0.5061609 0.4736529 0.4111058 0.6732615 0.6738610 0.4873484 0.4794105 0.6271714 0.6702975 0.4514878 0.4786334 0.3465202 0.4534477 0.6732019 0.3101777 0.6456252 0.3116527 0.2778897 0.2943787 0.3005376 0.2007577 0.2450960 0.2449766 0.1023918 0.3283717 0.6829528 0.6168599 0.9255612 0.9394438 0.9771626 5.7909114 1.4776972 1.4271740 4.5095759 4.5499127 4.7162869 4.6738735 4.5298807 4.5084279 4.7162869 4.7162869 4.9602444 4.6364031 4.6359557 4.9837352 4.7162869 4.9735737 5.7530707 5.2971434 5.4715949 5.0037005 5.7426147 
AKR1C6|NP_085114.1|Mus                                             1.9560658 1.8722044 1.9383920 1.8910371 1.4104273 1.4681222 1.4455318 1.4653892 1.4155945 1.4381111 1.7210135 1.7674619 1.6914398 1.5694523 1.7823961 1.6575606 1.6271693 1.6571364 1.6900816 0.3531080 0.3764666 0.3668551 0.3731257 0.2993274 0.0000000 0.4740785 0.5032266 0.4712130 0.4741145 0.6212829 0.6489371 0.4709131 0.5066823 0.6373439 0.6255464 0.4587607 0.5210232 0.1394806 0.3936173 0.6482501 0.3556045 0.6219071 0.3608484 0.3735920 0.3799817 0.3873981 0.3484246 0.3761044 0.3500282 0.3015270 0.3544984 0.6201050 0.5886928 0.9403928 0.9522461 0.9930566 5.3503256 1.4343922 1.4082972 4.6556544 4.7232188 4.7257571 4.8516836 4.7023474 4.6803025 4.7257571 4.7257571 4.8206770 4.6962320 4.6367239 4.8746880 4.7257571 4.8064562 5.6248248 5.3074014 5.4168915 5.0545952 5.7466985 
AKR1C7|P05980.3|Bos                                                1.9185630 1.8901383 1.8772789 1.8592433 1.3601448 1.4135926 1.4922312 1.5191532 1.4536786 1.4314316 1.5707840 1.6088079 1.5119585 1.5134519 1.6385518 1.5566789 1.6013661 1.5837767 1.5502185 0.3449183 0.3679479 0.3905216 0.4093791 0.4006850 0.4740785 0.0000000 0.5549059 0.5601272 0.1803487 0.6229330 0.6450842 0.6051170 0.4906372 0.5771530 0.6086109 0.5041323 0.6184439 0.4702618 0.5637402 0.6443954 0.3882926 0.6211144 0.4477471 0.4436012 0.4570683 0.4508644 0.4257424 0.4173752 0.3934493 0.4010871 0.4627312 0.6351782 0.6199117 0.9702579 0.9771550 0.9899051 5.1110510 1.5026751 1.5103668 4.4968077 4.4645100 4.6232978 4.6036234 4.4455357 4.4250641 4.6232978 4.6232978 4.6725725 4.4678071 4.4233782 4.8001904 4.6232978 4.8030363 5.7858920 5.1864935 5.5173139 5.0234499 5.6072899 
AKR1C8|P51652.1|Rattus                                             2.0578604 2.0309473 2.0387455 2.0095770 1.5281079 1.5499020 1.6165886 1.6354792 1.5367234 1.5132510 1.7558577 1.8150050 1.7150733 1.6734914 1.7439194 1.7999727 1.7225022 1.7583401 1.7495863 0.5173222 0.5390708 0.4765715 0.5311613 0.5061609 0.5032266 0.5549059 0.0000000 0.6006120 0.6177173 0.6519554 0.6880913 0.5670395 0.7137501 0.6855030 0.6964810 0.0645977 0.6334012 0.5298772 0.5585788 0.6874511 0.4672045 0.6592944 0.5308539 0.5706073 0.5283220 0.5237988 0.5113567 0.5683892 0.5164707 0.5062690 0.5025660 0.6655484 0.6554557 1.0767884 1.1581967 1.1207805 5.6185698 1.5369808 1.6703510 4.9495713 4.8962372 4.8962529 5.0553733 4.8732419 4.8513849 4.8962529 4.8962529 5.2354556 4.8462281 4.7917634 5.2875088 4.8962529 5.2188446 5.7215708 5.6707261 5.9272165 5.5880403 6.0964170 
AKR1C9|P23457.1|Rattus                                             2.0917516 2.0563871 2.1156776 2.0567503 1.6122573 1.6382077 1.6456727 1.6696972 1.6632058 1.6829899 1.7960768 1.8361739 1.7168605 1.6901815 1.8695652 1.7442619 1.7296277 1.7436197 1.7284670 0.5401184 0.5564947 0.5160149 0.5316029 0.4736529 0.4712130 0.5601272 0.6006120 0.0000000 0.5628408 0.6830455 0.7087524 0.1522466 0.7114376 0.6619321 0.6946899 0.5698662 0.6411889 0.5029676 0.5804993 0.7081183 0.5252111 0.7057338 0.5216993 0.5369256 0.5014203 0.5366093 0.4876297 0.5784697 0.5454415 0.4686225 0.4662572 0.7036850 0.6423776 1.0929125 1.1920862 1.1098519 5.5907689 1.6365623 1.6714861 4.4282857 4.3854871 4.7485745 4.4990496 4.3783901 4.3584492 4.7485745 4.7485745 4.6430583 4.6933279 4.7054542 4.7795811 4.7485745 4.8154343 6.5110953 5.5826262 6.1600832 5.7135226 6.2545372 
AKR1C11|BAA13690.1|Bos                                             1.8732181 1.8701928 1.8459662 1.7967490 1.4210841 1.4562659 1.5315295 1.5519253 1.4676201 1.4496608 1.6516201 1.6012391 1.5366789 1.5018553 1.6319289 1.6355817 1.6993121 1.6289041 1.6019242 0.3473551 0.3603351 0.3469260 0.3746794 0.4111058 0.4741145 0.1803487 0.6177173 0.5628408 0.0000000 0.6582973 0.6312340 0.5915910 0.4762859 0.5893641 0.6262788 0.5546756 0.5688518 0.4498591 0.5387817 0.6305348 0.3622673 0.6477194 0.3988553 0.4379684 0.4926076 0.4874114 0.4386936 0.4540830 0.4374997 0.4034478 0.4973567 0.6620397 0.6400971 0.9413476 0.9343504 0.9409843 5.3420630 1.5156301 1.5513116 4.5698358 4.5370157 4.8752666 4.6793670 4.5175680 4.4967138 4.8752666 4.8752666 4.7343403 4.7026330 4.6849454 4.8248033 4.8752666 4.8274703 5.6235577 5.3157925 5.4890093 5.1817883 5.7952948 
AKR1C12|NP_038805.2|Mus                                            2.0090949 1.9577506 1.9997564 1.9950740 1.6171828 1.5776298 1.6108621 1.6144706 1.5915717 1.5499854 1.7914158 1.7196813 1.6404040 1.7041751 1.7353511 1.7196044 1.8305991 1.7507561 1.6723188 0.5747903 0.5823425 0.6170241 0.6045186 0.6732615 0.6212829 0.6229330 0.6519554 0.6830455 0.6582973 0.0000000 0.0724803 0.7020372 0.7512686 0.1367878 0.1838367 0.6117259 0.4387006 0.6831891 0.6873027 0.0762197 0.6167674 0.1044098 0.5883314 0.5611127 0.5504019 0.6024892 0.6056619 0.6119213 0.6136759 0.6345508 0.6347540 0.1951781 0.2089011 1.2692850 1.2904351 1.3044366 6.0159507 1.5560364 1.5718209 4.7079027 4.7515706 5.1073963 4.8782857 4.6832893 4.7091149 5.1073963 5.1073963 4.8542938 5.0364056 4.9905267 5.1046717 5.1073963 5.0406944 5.6596122 5.2316339 5.4328546 5.1172078 5.8575778 
AKR1C13|NP_038806.2|Mus                                            1.9514759 1.9020174 1.9485114 1.9475858 1.6365415 1.5963236 1.6402476 1.6438440 1.6307055 1.6132826 1.7872240 1.6798487 1.6002269 1.6738019 1.6748162 1.7062789 1.7974529 1.7333461 1.7199686 0.6241850 0.6321568 0.6744363 0.6358912 0.6738610 0.6489371 0.6450842 0.6880913 0.7087524 0.6312340 0.0724803 0.0000000 0.7212765 0.7566337 0.1126090 0.1736417 0.6147952 0.4430864 0.6615850 0.6699167 0.0032465 0.6227516 0.1493275 0.6223615 0.5401817 0.5525782 0.6045527 0.6181219 0.6353844 0.6413393 0.6396730 0.6837854 0.1866526 0.1948327 1.2906161 1.3044467 1.3210242 5.9875014 1.5949897 1.5979237 4.8896959 4.9359169 5.3167425 5.0704401 4.8638142 4.8910096 5.3167425 5.3167425 5.0023382 5.2359746 5.1873852 5.2630428 5.3167425 5.1960385 5.9460144 5.5096879 5.7062696 5.3649157 6.1088406 
AKR1C14|NP_598833.1|Mus                                            2.0694467 2.0396799 2.1457140 2.1022196 1.5570472 1.6100989 1.6215929 1.6441807 1.6286684 1.6296684 1.8721438 1.8305804 1.7084293 1.6953794 1.8905646 1.7812891 1.8601520 1.8000849 1.7471551 0.5532172 0.5657032 0.5194164 0.5389928 0.4873484 0.4709131 0.6051170 0.5670395 0.1522466 0.5915910 0.7020372 0.7212765 0.0000000 0.7637667 0.6793019 0.6980438 0.5250703 0.6016117 0.4901456 0.5340589 0.7206594 0.5099589 0.7274643 0.5380099 0.5213729 0.5053819 0.5440438 0.4776927 0.5801705 0.5603933 0.4872246 0.4775332 0.7081069 0.6690278 1.0956427 1.2068373 1.1572791 5.2689806 1.6064923 1.6572510 4.5823781 4.5661901 4.7861583 4.6861432 4.5585808 4.5377261 4.7861583 4.7861583 4.6198959 4.6150695 4.6697045 4.7923716 4.7861583 4.8523247 6.2012786 5.5524001 5.9972671 5.6112890 5.9847399 
AKR1C15|2008147B|Rattus                                            2.0143833 2.0029234 1.9565999 1.9298800 1.3819311 1.4290725 1.4690646 1.4672938 1.4411553 1.3951054 1.6389002 1.6370515 1.5368641 1.4664240 1.6795604 1.6064140 1.5825083 1.6722048 1.4441506 0.5188648 0.5420266 0.5380774 0.5144904 0.4794105 0.5066823 0.4906372 0.7137501 0.7114376 0.4762859 0.7512686 0.7566337 0.7637667 0.0000000 0.7522748 0.7484662 0.6764001 0.7401180 0.5345727 0.7054205 0.7560478 0.5663276 0.7691563 0.5391680 0.5092237 0.5803642 0.5870603 0.5000203 0.5249756 0.4939817 0.4958414 0.5605500 0.8131190 0.8093042 1.0461537 1.0484612 1.0609311 5.5132961 1.5987302 1.5489947 4.4521094 4.4191763 4.4818501 4.5839975 4.3999398 4.3791130 4.4818501 4.4818501 4.7642230 4.5689519 4.5227251 4.8592350 4.4818501 4.8737715 5.6085882 5.1957951 5.2653635 4.9575127 5.6776009 
AKR1C16|2008147A|Rattus                                            1.9674653 1.9062752 1.9627644 1.9225505 1.6537474 1.5862445 1.6380167 1.6390244 1.6195168 1.5992493 1.7084231 1.7050187 1.6304884 1.6028786 1.6999344 1.6921672 1.7414153 1.6790569 1.6789925 0.5702885 0.5735811 0.6260463 0.5971021 0.6271714 0.6373439 0.5771530 0.6855030 0.6619321 0.5893641 0.1367878 0.1126090 0.6793019 0.7522748 0.0000000 0.0875650 0.6094864 0.4501409 0.6591590 0.6910547 0.1164608 0.5719634 0.1133271 0.6051243 0.5388130 0.5518477 0.6055732 0.5603792 0.6013551 0.6174821 0.5952797 0.6344035 0.1897850 0.2035857 1.3104661 1.3276620 1.2860605 5.8766788 1.6351170 1.6162891 4.9811513 5.0294970 5.3258231 5.1704613 4.9541716 4.9825437 5.3258231 5.3258231 5.1806969 5.3197906 5.2701325 5.3747428 5.3258231 5.4081572 6.1041302 5.5953190 5.8913887 5.6851115 6.1946226 
AKR1C17|2008147C|Rattus                                            2.0329846 1.9732093 2.0146145 1.9738100 1.7494092 1.6750498 1.7281654 1.7290475 1.7172364 1.7156300 1.7958472 1.8160948 1.7184995 1.7345433 1.8380310 1.7435299 1.8276664 1.7380013 1.7839490 0.5814936 0.5663970 0.6212786 0.6228039 0.6702975 0.6255464 0.6086109 0.6964810 0.6946899 0.6262788 0.1838367 0.1736417 0.6980438 0.7484662 0.0875650 0.0000000 0.6289582 0.5038409 0.6300592 0.6530935 0.1777510 0.5954542 0.1487222 0.6172708 0.5649546 0.5721506 0.6262048 0.6005850 0.6350934 0.6476089 0.6209408 0.6472305 0.2424735 0.2374502 1.3780262 1.3912011 1.3513348 5.9085560 1.6876044 1.6677324 4.8885731 4.9347829 5.2596907 5.0692468 4.8626959 4.8898873 5.2596907 5.2596907 4.9548156 5.2246410 5.1713878 5.1229010 5.2596907 5.0903115 6.2679123 5.8017344 6.0915283 5.6460681 6.4122210 
AKR1C18|NP_001333464.1|Mus                                         1.9976326 1.9695316 1.9717345 1.9408592 1.4742008 1.5149472 1.5950095 1.6184358 1.4974948 1.4983631 1.7715125 1.8238569 1.7485833 1.6919833 1.7704499 1.7907072 1.7358090 1.7366843 1.7195228 0.4515328 0.4674458 0.4226240 0.4736235 0.4514878 0.4587607 0.5041323 0.0645977 0.5698662 0.5546756 0.6117259 0.6147952 0.5250703 0.6764001 0.6094864 0.6289582 0.0000000 0.6217742 0.4761685 0.4829205 0.6140090 0.4313675 0.6033122 0.4760669 0.5296720 0.4547085 0.4568258 0.4538950 0.5001293 0.4564690 0.4404623 0.4609917 0.6196582 0.5972812 1.0301183 1.0995085 1.0749449 5.9354961 1.5317646 1.6280922 5.0471459 4.9914209 5.0793175 5.1596569 4.9868144 4.9441407 5.0793175 5.0793175 5.1745279 5.0299292 4.9716850 5.3039902 5.0793175 5.2594094 5.9161521 5.8552591 6.1316032 5.7242115 6.2695188 
AKR1C19|NP_001013807.2|Mus                                         1.9963633 1.9499052 1.9537203 1.9143815 1.5014924 1.5552691 1.5917889 1.5866515 1.5432630 1.5525632 1.7525506 1.6781641 1.7066862 1.5778766 1.6788908 1.7226905 1.7839457 1.7462764 1.7247078 0.4700903 0.4739606 0.4968870 0.5304109 0.4786334 0.5210232 0.6184439 0.6334012 0.6411889 0.5688518 0.4387006 0.4430864 0.6016117 0.7401180 0.4501409 0.5038409 0.6217742 0.0000000 0.5441962 0.5746959 0.4437056 0.5211588 0.4650955 0.5284188 0.4763192 0.5184910 0.5602494 0.4391322 0.5543333 0.5619050 0.4688773 0.5290395 0.4872645 0.4789344 1.1700222 1.1455588 1.2105703 5.4938455 1.5473714 1.5240269 4.3380629 4.3778416 4.6896473 4.4930620 4.3153480 4.3391327 4.6896473 4.6896473 4.6695460 4.5862096 4.5452735 4.8511876 4.6896473 4.7607387 5.3518497 4.9477995 5.3231786 4.8852887 5.3665694 
AKR1C20|NP_473421.1|Mus                                            1.8641354 1.7837045 1.8571045 1.8295355 1.3507323 1.4482266 1.4011435 1.4200333 1.3267648 1.4013558 1.6440902 1.6187520 1.5213709 1.4498615 1.6255051 1.6675092 1.5538097 1.6129057 1.4992405 0.4005086 0.4130112 0.3805961 0.4317715 0.3465202 0.1394806 0.4702618 0.5298772 0.5029676 0.4498591 0.6831891 0.6615850 0.4901456 0.5345727 0.6591590 0.6300592 0.4761685 0.5441962 0.0000000 0.4446287 0.6597208 0.3781738 0.6899087 0.4330676 0.3693552 0.3978133 0.4213171 0.3439529 0.4559796 0.4097020 0.3566112 0.3956980 0.6729900 0.6438016 0.9857454 0.9579343 1.0152371 4.6934426 1.3865692 1.3849692 5.0245489 5.0517640 5.2203888 5.2261889 5.0389458 5.0096400 5.2203888 5.2203888 5.2370618 5.0925599 5.1330247 5.4072835 5.2203888 5.2831379 7.1314096 6.4471368 6.7084096 6.0342589 6.9370905 
AKR1C21|NP_084177.2|Mus                                            2.0206019 1.9754707 2.0020274 1.9562348 1.5622257 1.6091485 1.6885238 1.7106288 1.6083120 1.5818030 1.9097172 1.8464565 1.7294302 1.7868461 1.8517588 1.7857055 1.8390705 1.8136762 1.8081390 0.4465602 0.4414281 0.4694077 0.4703413 0.4534477 0.3936173 0.5637402 0.5585788 0.5804993 0.5387817 0.6873027 0.6699167 0.5340589 0.7054205 0.6910547 0.6530935 0.4829205 0.5746959 0.4446287 0.0000000 0.6692497 0.4744277 0.6817228 0.4878169 0.4999280 0.5114889 0.5192822 0.4778453 0.5169812 0.5013339 0.4346026 0.5371174 0.6705683 0.6617878 1.0301681 1.0367873 1.1194788 5.4208416 1.6681267 1.5847549 4.4595249 4.4390436 4.4635088 4.5557994 4.4362267 4.3998437 4.4635088 4.4635088 4.5415822 4.3709030 4.4006877 4.5415683 4.4635088 4.4802536 6.0670953 5.5486753 5.7263326 5.3812908 5.9668114 
AKR1C22|BAD02825.1|Mus                                             1.9401585 1.8909232 1.9371714 1.9362239 1.6478926 1.6075553 1.6517421 1.6553288 1.6420508 1.6245728 1.7991988 1.6913269 1.6113207 1.6853072 1.6862992 1.7178222 1.8095690 1.7451030 1.7317422 0.6234711 0.6314510 0.6737824 0.6351924 0.6732019 0.6482501 0.6443954 0.6874511 0.7081183 0.6305348 0.0762197 0.0032465 0.7206594 0.7560478 0.1164608 0.1777510 0.6140090 0.4437056 0.6597208 0.6692497 0.0000000 0.6212786 0.1532860 0.6216467 0.5387735 0.5517681 0.6038090 0.6173984 0.6346827 0.6406440 0.6389743 0.6831322 0.1908128 0.1989927 1.2903847 1.3042235 1.3208085 6.0024742 1.5846475 1.6095429 4.9135734 4.9597995 5.3400638 5.0943352 4.8877072 4.9148918 5.3400638 5.3400638 5.0268012 5.2595068 5.2109646 5.2869260 5.3400638 5.2200329 5.9680091 5.5323526 5.7286840 5.3884738 6.1295744 
AKR1C23|AAY16444.1|Equus                                           1.8735155 1.8395482 1.8784389 1.8175277 1.4224878 1.4014255 1.4532303 1.4763626 1.4594468 1.4018940 1.6521451 1.5584631 1.5239018 1.5452267 1.6056104 1.6446284 1.6016515 1.6632225 1.5908361 0.2598462 0.2787072 0.3185773 0.3083559 0.3101777 0.3556045 0.3882926 0.4672045 0.5252111 0.3622673 0.6167674 0.6227516 0.5099589 0.5663276 0.5719634 0.5954542 0.4313675 0.5211588 0.3781738 0.4744277 0.6212786 0.0000000 0.5895262 0.3027916 0.3772841 0.3783082 0.3738364 0.3120485 0.3232506 0.3335505 0.2950804 0.3871655 0.6033100 0.5410715 0.9443504 0.9504698 0.9882627 5.7746813 1.4794466 1.4399543 4.5796559 4.5463699 4.8556789 4.6684839 4.5095233 4.5054731 4.8556789 4.8556789 4.7560621 4.7506131 4.7352704 4.8692847 4.8556789 4.8181367 5.9972217 5.4370695 5.6122892 5.2821687 5.7331383 
AKR1C24|BAE75957.1|Rattus                                          2.0871519 2.0228698 2.0677833 2.0612012 1.6433859 1.5853926 1.5885256 1.6079978 1.6295122 1.5882324 1.7756296 1.7384927 1.6697575 1.6520118 1.7425568 1.7187966 1.7833390 1.7436901 1.6836320 0.5600114 0.5674462 0.6032067 0.6010723 0.6456252 0.6219071 0.6211144 0.6592944 0.7057338 0.6477194 0.1044098 0.1493275 0.7274643 0.7691563 0.1133271 0.1487222 0.6033122 0.4650955 0.6899087 0.6817228 0.1532860 0.5895262 0.0000000 0.6017705 0.5616999 0.5534266 0.6066544 0.5934485 0.5915125 0.5974795 0.6280657 0.6397524 0.2084357 0.2237250 1.3202492 1.3379994 1.3168587 5.7909676 1.6216385 1.5873493 4.8970934 4.9438772 5.2525052 5.0801192 4.8709081 4.8984243 5.2525052 5.2525052 5.0928698 5.2258643 5.1765573 5.3616221 5.2525052 5.2898471 6.0506167 5.5473395 5.8069981 5.3309480 6.2466720 
AKR1C25|BAB63209.2|Macaca                                          1.8609602 1.8261982 1.8229554 1.7634030 1.4720280 1.5213754 1.5758517 1.6002500 1.5481993 1.4662288 1.6703359 1.6398159 1.5588396 1.5888969 1.6561561 1.6923288 1.7084155 1.7134703 1.6266582 0.2311192 0.2556762 0.2173022 0.0676862 0.3116527 0.3608484 0.4477471 0.5308539 0.5216993 0.3988553 0.5883314 0.6223615 0.5380099 0.5391680 0.6051243 0.6172708 0.4760669 0.5284188 0.4330676 0.4878169 0.6216467 0.3027916 0.6017705 0.0000000 0.3944210 0.3660893 0.3813763 0.3420253 0.3500709 0.3331525 0.2847334 0.3768430 0.6225638 0.5671361 1.0021238 0.9673207 1.0192162 5.4437203 1.5129226 1.5097728 4.6643712 4.6200028 4.7006947 4.7423342 4.6112008 4.5790215 4.7006947 4.7006947 4.7757134 4.6052067 4.6025947 4.8631742 4.7006947 4.8432313 6.0656140 5.6007817 5.6643095 5.4557268 6.0893478 
AKR1C26|BAM37087.1|Oryctolagus                                     1.8752016 1.8850089 1.9017064 1.9038507 1.3085002 1.4056192 1.4473713 1.4723489 1.4331389 1.3943960 1.6642119 1.5878458 1.5159629 1.4795804 1.6262260 1.6007398 1.6448028 1.6093357 1.5544515 0.3887360 0.3890605 0.3856320 0.3855489 0.2778897 0.3735920 0.4436012 0.5706073 0.5369256 0.4379684 0.5611127 0.5401817 0.5213729 0.5092237 0.5388130 0.5649546 0.5296720 0.4763192 0.3693552 0.4999280 0.5387735 0.3772841 0.5616999 0.3944210 0.0000000 0.1459316 0.1555109 0.2893230 0.3015040 0.2990496 0.2456592 0.4006185 0.5298533 0.5490394 1.0284403 1.0627547 1.0874590 5.4306172 1.4826986 1.5081828 4.3386890 4.3725439 4.5893031 4.4886156 4.3473257 4.3335631 4.5893031 4.5893031 4.6589571 4.4878636 4.4766707 4.7128402 4.5893031 4.7395731 5.7553186 5.2109337 5.4646153 5.1886262 5.7062043 
AKR1C27|BAM37088.1|Oryctolagus                                     1.8577984 1.8206043 1.8345051 1.8387108 1.3276765 1.4166992 1.5120527 1.5377852 1.4583473 1.4242250 1.6653661 1.5698685 1.5024715 1.5419420 1.6021943 1.5985271 1.6698073 1.6812837 1.5373348 0.3669078 0.3745184 0.3770854 0.3836633 0.2943787 0.3799817 0.4570683 0.5283220 0.5014203 0.4926076 0.5504019 0.5525782 0.5053819 0.5803642 0.5518477 0.5721506 0.4547085 0.5184910 0.3978133 0.5114889 0.5517681 0.3783082 0.5534266 0.3660893 0.1459316 0.0000000 0.0504634 0.2559808 0.2828930 0.2716418 0.2571255 0.3897025 0.5316755 0.5097874 1.0201080 1.0432124 1.0566087 5.5875993 1.5081606 1.5393483 4.4821716 4.5107730 4.6372026 4.6308350 4.4913666 4.4705094 4.6372026 4.6372026 4.6613989 4.5292983 4.5235381 4.8090496 4.6372026 4.8053749 5.9343346 5.3031069 5.5778225 5.3457892 5.8767396 
AKR1C28|BAM37089.1|Oryctolagus                                     1.9023942 1.8687754 1.8671315 1.8692642 1.3743230 1.4598793 1.5453474 1.5715898 1.4942642 1.4674443 1.6946320 1.6061894 1.5375634 1.5681253 1.6425898 1.6231376 1.6878319 1.7258189 1.5969428 0.3585145 0.3772240 0.3698025 0.3929690 0.3005376 0.3873981 0.4508644 0.5237988 0.5366093 0.4874114 0.6024892 0.6045527 0.5440438 0.5870603 0.6055732 0.6262048 0.4568258 0.5602494 0.4213171 0.5192822 0.6038090 0.3738364 0.6066544 0.3813763 0.1555109 0.0504634 0.0000000 0.2575516 0.2888333 0.2796684 0.2628036 0.3961112 0.5785041 0.5409385 1.0185857 1.0303052 1.0529922 5.7179517 1.4930078 1.5201242 4.5154493 4.5446862 4.6936415 4.6671854 4.5248786 4.5036530 4.6936415 4.6936415 4.7152000 4.5830357 4.5771285 4.8421822 4.6936415 4.8383513 5.7945166 5.2167583 5.4659054 5.2561220 5.7823482 
AKR1C29|BAN20006.1|Oryctolagus                                     1.8192746 1.7658587 1.7753731 1.7595878 1.2642006 1.3070696 1.3451279 1.3461333 1.3150204 1.2884856 1.5021683 1.5377237 1.4338589 1.3733650 1.5517123 1.4906104 1.5056069 1.4758174 1.4123172 0.2990036 0.3160617 0.3138059 0.3545951 0.2007577 0.3484246 0.4257424 0.5113567 0.4876297 0.4386936 0.6056619 0.6181219 0.4776927 0.5000203 0.5603792 0.6005850 0.4538950 0.4391322 0.3439529 0.4778453 0.6173984 0.3120485 0.5934485 0.3420253 0.2893230 0.2559808 0.2575516 0.0000000 0.2061521 0.1868484 0.1971082 0.3280997 0.6206897 0.5596661 0.8830240 0.8891174 0.9068238 5.7067895 1.3954224 1.4151143 4.1716361 4.2065429 4.2547327 4.3154962 4.1890814 4.1698153 4.2547327 4.2547327 4.5398875 4.1529995 4.1478635 4.6036642 4.2547327 4.6031056 5.6236029 5.1356111 5.4067318 5.1123797 5.6166809 
