78
AKR1A1|NP_006057.1|Homo                                            0.0000000 0.0657473 0.0689683 0.0756583 1.3370156 1.3348076 1.3340419 1.3377507 1.4216070 1.2940003 1.4631852 1.4112843 1.4803374 1.4361494 1.4461239 1.4970030 1.5671160 1.5437361 1.4056952 1.7893495 1.7895835 1.9466385 1.8339881 1.8927117 1.9573887 1.9202320 2.0598167 2.0935448 1.8748168 2.0108873 1.9530357 2.0713145 2.0161423 1.9691753 2.0347194 1.9991843 1.9982168 1.8652887 2.0223040 1.9416883 1.8748946 2.0891431 1.8624670 1.8766361 1.8590618 1.9037155 1.8207176 1.8532951 1.8686992 1.7936911 1.8475585 1.9403055 2.0133853 1.7695175 1.6800296 1.8238040 7.1764126 1.5558274 1.7174723 4.6894292 4.7300684 4.8221031 4.8551877 4.7043666 4.7139211 4.8221031 4.8221031 5.2712512 4.7050428 4.8361138 5.1610044 4.8221031 5.3039708 4.9976605 4.5417424 5.0040985 4.7259138 4.9836460 
AKR1A2|P50578.3|Sus                                                0.0657473 0.0000000 0.0843929 0.0985324 1.3388165 1.3144620 1.3299318 1.3336174 1.3880806 1.2849441 1.4379327 1.4200156 1.4623449 1.3854376 1.4451582 1.4730853 1.5524502 1.5191955 1.3896501 1.7550831 1.7692123 1.8976137 1.8174914 1.8738183 1.8734746 1.8918155 2.0328572 2.0581072 1.8717811 1.9594303 1.9034781 2.0414941 2.0045401 1.9078377 1.9748106 1.9711321 1.9516953 1.7847279 1.9770881 1.8923543 1.8409191 2.0247065 1.8276607 1.8865694 1.8218741 1.8700916 1.7673722 1.8323296 1.8459955 1.7630086 1.7753463 1.9533561 1.9743281 1.7154374 1.6378226 1.7966230 7.0796372 1.5303322 1.7038706 4.6490663 4.6895345 4.7743385 4.8140599 4.6638909 4.6734316 4.7743385 4.7743385 5.3348031 4.6577975 4.7883675 5.1876968 4.7743385 5.3327071 5.0441443 4.5337758 4.9635930 4.7418362 4.9834570 
AKR1A3|P51635.2|Rattus                                             0.0689683 0.0843929 0.0000000 0.0293684 1.3298130 1.2973026 1.3562522 1.3548418 1.3924325 1.2808792 1.4169722 1.3890254 1.4622125 1.3892170 1.4038780 1.4527248 1.5565454 1.5011869 1.3830996 1.7809112 1.7826368 1.9300926 1.8068229 1.8598677 1.9397417 1.8789110 2.0407304 2.1174626 1.8475626 2.0015215 1.9501350 2.1476842 1.9582826 1.9644895 2.0163069 1.9733634 1.9554762 1.8583268 2.0037225 1.9387658 1.8798800 2.0697303 1.8244521 1.9032174 1.8357978 1.8684085 1.7768088 1.8156462 1.8540761 1.7799084 1.8603448 1.9326877 1.9864573 1.8203509 1.6918620 1.8331109 7.2190550 1.5033373 1.6568407 4.5896338 4.6296064 4.7235380 4.7222923 4.6042038 4.6136669 4.7235380 4.7235380 5.2783203 4.6550469 4.7485417 5.1194389 4.7235380 5.2625185 4.8804387 4.5998935 4.9326848 4.7842547 5.0954598 
AKR1A4|NP_067448.1|Mus                                             0.0756583 0.0985324 0.0293684 0.0000000 1.3657252 1.3031921 1.3587712 1.3602659 1.4055790 1.3011046 1.4146646 1.3635134 1.4394670 1.3970435 1.3781405 1.4264584 1.5377597 1.4740161 1.3576873 1.7153528 1.7169394 1.8653116 1.7458516 1.8412089 1.8922337 1.8607643 2.0114227 2.0584129 1.7981861 1.9967881 1.9491534 2.1040938 1.9314380 1.9241782 1.9754098 1.9423453 1.9160358 1.8305823 1.9578066 1.9377630 1.8188316 2.0630973 1.7647084 1.9052535 1.8398984 1.8704355 1.7609376 1.8289217 1.8675274 1.7683917 1.7918162 1.9205272 1.9835009 1.7947045 1.7055783 1.8063009 7.4416229 1.5070213 1.6612178 4.5203850 4.4878284 4.6980656 4.5762640 4.4632517 4.4724367 4.6980656 4.6980656 5.1645658 4.6303007 4.7227387 5.0425593 4.6980656 5.1832002 4.8355441 4.5763654 4.9078416 4.7600317 5.0709980 
AKR1B1|NP_001619.1|Homo                                            1.3370156 1.3388165 1.3298130 1.3657252 0.0000000 0.1318780 0.1810500 0.1801606 0.1741782 0.1678815 0.4947273 0.5201376 0.4905739 0.4978068 0.4856659 0.5535873 0.5849856 0.5262081 0.4660822 1.4545875 1.4343517 1.4546725 1.4466936 1.2824250 1.4117784 1.3615116 1.5297749 1.6137373 1.4222697 1.6187784 1.6381760 1.5588710 1.3830859 1.6553649 1.7511808 1.4757018 1.5029059 1.3518851 1.5638966 1.6495695 1.4238989 1.6450301 1.4734127 1.3098354 1.3290564 1.3757404 1.2653125 1.3414826 1.3273878 1.3607252 1.4075190 1.7070628 1.7097295 1.2848168 1.2015618 1.3956908 6.2565657 0.8323881 0.8763823 4.3577374 4.3796973 4.4875689 4.4837019 4.3768153 4.3402729 4.4875689 4.4875689 5.0348747 4.3171843 4.3818619 4.8839217 4.4875689 5.0169166 5.6022211 5.0120369 5.4977066 5.1179097 5.2595287 
AKR1B2|P15122.3|Oryctolagus|cuniculus|Animalia|Mammalia|Lagomorpha 1.3348076 1.3144620 1.2973026 1.3031921 0.1318780 0.0000000 0.1425311 0.1463780 0.1712653 0.1790327 0.5096901 0.5028087 0.4885083 0.4754956 0.4778735 0.5444849 0.5471459 0.5007838 0.4737430 1.4782473 1.4576295 1.4995640 1.5076248 1.3356993 1.4692843 1.4149640 1.5515174 1.6396035 1.4573158 1.5791797 1.5978782 1.6118037 1.4300927 1.5876779 1.6765599 1.5165083 1.5565672 1.4493036 1.6107363 1.6091531 1.4026842 1.5869495 1.5227020 1.4069212 1.4181353 1.4613142 1.3080388 1.3894434 1.3882175 1.4303483 1.4678370 1.6511734 1.5885291 1.4118261 1.2676944 1.4441264 6.7797887 0.7637384 0.8403455 4.4910251 4.5421761 4.6270231 4.6520111 4.5111601 4.5007508 4.6270231 4.6270231 5.2007683 4.5383837 4.6057979 5.0584411 4.6270231 5.2300242 5.9076449 5.1945996 5.9222469 5.4131647 5.6793466 
AKR1B3|P45376.3|Mus                                                1.3340419 1.3299318 1.3562522 1.3587712 0.1810500 0.1425311 0.0000000 0.0333059 0.2195687 0.2186465 0.5665213 0.5751690 0.5489735 0.5271315 0.5556974 0.6166338 0.5979068 0.5648311 0.5434443 1.5736507 1.5641178 1.5709857 1.5132682 1.3998827 1.4466069 1.4936852 1.6182359 1.6470357 1.5326989 1.6123354 1.6417337 1.6230912 1.4700693 1.6394237 1.7296436 1.5965986 1.5932228 1.4019594 1.6898838 1.6532724 1.4544997 1.5899820 1.5771577 1.4487107 1.5135921 1.5468283 1.3459907 1.3958392 1.4087441 1.5133931 1.4649526 1.7004590 1.6701164 1.4554273 1.3741876 1.5671862 6.5803202 0.8408490 0.9346901 4.3278062 4.3743512 4.4148594 4.4766868 4.3464141 4.3355337 4.4148594 4.4148594 4.9152028 4.3437352 4.3472023 4.7678417 4.4148594 4.8557104 5.4517111 4.8237927 5.3558277 5.0046255 5.3051229 
AKR1B4|NP_036630.1|Rattus                                          1.3377507 1.3336174 1.3548418 1.3602659 0.1801606 0.1463780 0.0333059 0.0000000 0.2161835 0.2216804 0.5630454 0.5632212 0.5216858 0.5080312 0.5425490 0.6071365 0.5772634 0.5557481 0.5382537 1.5978263 1.5882220 1.5914093 1.5359883 1.4213919 1.4665205 1.5206550 1.6371563 1.6711401 1.5531417 1.6160200 1.6454054 1.6457610 1.4682753 1.6405111 1.7306022 1.6200730 1.5881678 1.4209329 1.7120385 1.6569340 1.4777065 1.6095082 1.6016267 1.4737743 1.5394059 1.5731511 1.3470881 1.4036338 1.4165887 1.5334319 1.4873325 1.7106218 1.6772777 1.4214448 1.3438153 1.5312190 6.7177474 0.8329808 0.9268681 4.4223978 4.4716772 4.5439487 4.5774562 4.4417366 4.4316661 4.5439487 4.5439487 5.0284895 4.4704605 4.4738063 4.8772908 4.5439487 4.9673803 5.5686696 4.9211942 5.4683012 5.0911036 5.4140219 
AKR1B5|P16116.2|Bos                                                1.4216070 1.3880806 1.3924325 1.4055790 0.1741782 0.1712653 0.2195687 0.2161835 0.0000000 0.1299114 0.5796602 0.5871111 0.5647688 0.5091149 0.5637138 0.6120804 0.5946367 0.5617955 0.5175941 1.5126463 1.4916882 1.4919728 1.5376037 1.3501575 1.4168380 1.4551396 1.5384998 1.6647876 1.4688210 1.5931404 1.6323604 1.6305754 1.4422369 1.6210374 1.7189427 1.4992236 1.5447267 1.3278296 1.6099721 1.6437484 1.4608819 1.6311135 1.5498025 1.4347591 1.4601296 1.4960686 1.3162777 1.3948769 1.3562724 1.4316343 1.4727547 1.7371580 1.6923744 1.3896452 1.2607121 1.4900130 6.5832608 0.8725202 0.9542814 4.8864355 4.9134738 4.8495796 5.0334520 4.9090846 4.8685971 4.8495796 4.8495796 5.4459818 4.7424665 4.8115273 5.2977735 4.8495796 5.4746409 6.0172353 5.2874088 5.8031494 5.4177981 5.6418565 
AKR1B6|P80276.2|Sus                                                1.2940003 1.2849441 1.2808792 1.3011046 0.1678815 0.1790327 0.2186465 0.2216804 0.1299114 0.0000000 0.5702335 0.5855131 0.5643165 0.5109922 0.5687099 0.6396621 0.6055789 0.5929758 0.5461664 1.4722295 1.4515843 1.4732987 1.4586914 1.3308759 1.4392256 1.4328612 1.5150255 1.6845765 1.4508833 1.5516394 1.6150154 1.6315399 1.3961046 1.6008462 1.7172833 1.5000164 1.5540228 1.4023245 1.5834751 1.6263496 1.4032900 1.5899073 1.4676710 1.3957957 1.4257345 1.4690154 1.2895111 1.3775983 1.3298161 1.4127170 1.4488617 1.6430078 1.5980309 1.3776708 1.2918706 1.4952746 6.1329583 0.8512511 0.9551407 4.4285405 4.4508466 4.5399348 4.5554911 4.4478272 4.4112359 4.5399348 4.5399348 5.0361951 4.4312704 4.4955782 4.8794190 4.5399348 4.9990997 5.4351307 4.7612491 5.2860389 4.9510972 5.1003511 
AKR1B7|P21300.4|Mus                                                1.4631852 1.4379327 1.4169722 1.4146646 0.4947273 0.5096901 0.5665213 0.5630454 0.5796602 0.5702335 0.0000000 0.2477380 0.2936287 0.2883971 0.2533780 0.1600815 0.3514610 0.1842310 0.3044818 1.6900667 1.6452186 1.6659143 1.5979195 1.5573177 1.7226789 1.5723092 1.7577611 1.7978342 1.6530206 1.7930121 1.7887306 1.8740668 1.6402858 1.7097076 1.7971725 1.7732274 1.7543597 1.6454240 1.9115384 1.8007467 1.6534890 1.7771319 1.6716397 1.6656193 1.6667997 1.6960097 1.5034912 1.6130968 1.6453981 1.6706445 1.7188204 1.8122160 1.7121629 1.4208109 1.4866204 1.4841541 7.5733781 0.8635659 0.9216570 4.8622672 4.9350721 4.7987670 5.0586998 4.8662227 4.8889267 4.7987670 4.7987670 5.3091294 4.7946410 4.7976493 5.0707188 4.7987670 5.1467944 6.2745271 5.8079284 6.4450607 5.9030790 6.2461515 
AKR1B8|NP_032038.1|Mus                                             1.4112843 1.4200156 1.3890254 1.3635134 0.5201376 0.5028087 0.5751690 0.5632212 0.5871111 0.5855131 0.2477380 0.0000000 0.0904148 0.2545393 0.0636096 0.2347961 0.3016079 0.2296541 0.2127325 1.6171748 1.5776697 1.6871511 1.6090607 1.5238035 1.7690202 1.6103514 1.8170386 1.8377643 1.6023022 1.7212187 1.6812251 1.8324894 1.6383559 1.7062442 1.8174171 1.8255279 1.6797786 1.6201068 1.8481438 1.6927449 1.5597412 1.7399205 1.6411667 1.5892906 1.5713061 1.6076741 1.5390218 1.6343099 1.6438819 1.6488678 1.6642323 1.7794830 1.6689474 1.4643840 1.4616428 1.5382032 7.3395800 0.8904529 0.9315117 4.5484186 4.6147738 4.6408141 4.7267130 4.5515438 4.5726206 4.6408141 4.6408141 5.1987504 4.6367225 4.6399296 5.0673188 4.6408141 5.1441869 6.4296779 5.8552013 6.3685436 5.9565032 6.2611336 
AKR1B9|AAC53199.1|Cricetulus                                       1.4803374 1.4623449 1.4622125 1.4394670 0.4905739 0.4885083 0.5489735 0.5216858 0.5647688 0.5643165 0.2936287 0.0904148 0.0000000 0.2379403 0.1036117 0.2808796 0.2793927 0.2815149 0.1973546 1.5305923 1.4926520 1.5749951 1.5076150 1.4967850 1.6930049 1.5134703 1.7169519 1.7183080 1.5378170 1.6419294 1.6015994 1.7102444 1.5381051 1.6318370 1.7199215 1.7501731 1.7085708 1.5227011 1.7310982 1.6127337 1.5252486 1.6712876 1.5602368 1.5174557 1.5039868 1.5391222 1.4350701 1.5164813 1.5267839 1.5631755 1.5710338 1.7123066 1.6220949 1.3498316 1.3965851 1.4460935 6.6989584 0.9271089 0.9732340 4.6067473 4.6594920 4.5422932 4.7725428 4.6100054 4.6169590 4.5422932 4.5422932 4.9198430 4.5729454 4.5272101 4.9095215 4.5422932 4.9840114 6.4920225 5.8288463 6.2820463 5.8899138 6.1655659 
AKR1B10|NP_064695.3|Homo                                           1.4361494 1.3854376 1.3892170 1.3970435 0.4978068 0.4754956 0.5271315 0.5080312 0.5091149 0.5109922 0.2883971 0.2545393 0.2379403 0.0000000 0.2605587 0.3355347 0.0975008 0.2561126 0.1962242 1.5633331 1.5192262 1.5585985 1.5345693 1.4148603 1.5706814 1.5147542 1.6752059 1.6916745 1.5028494 1.7057288 1.6752548 1.6971681 1.4674368 1.6040796 1.7358322 1.6934868 1.5793418 1.4507759 1.7884012 1.6868016 1.5464961 1.6533173 1.5901543 1.4808926 1.5433115 1.5694121 1.3744743 1.5393817 1.4844323 1.4919018 1.5431147 1.7245006 1.6660121 1.3305810 1.3087841 1.3682470 7.2662680 0.9413398 0.9798944 4.5237248 4.5756733 4.5542827 4.6872012 4.5442041 4.5336529 4.5542827 4.5542827 5.2117893 4.5501840 4.5535102 5.2289049 4.5542827 5.3071319 5.7761753 5.2974414 5.7827692 5.4371826 5.7275898 
AKR1B13|CAC80649.1|Rattus                                          1.4461239 1.4451582 1.4038780 1.3781405 0.4856659 0.4778735 0.5556974 0.5425490 0.5637138 0.5687099 0.2533780 0.0636096 0.1036117 0.2605587 0.0000000 0.2469156 0.2869785 0.2324186 0.2320719 1.6455192 1.6054236 1.7040663 1.6250238 1.5676346 1.7838800 1.6401032 1.7457949 1.8711641 1.6330327 1.7368640 1.6761486 1.8925147 1.6808489 1.7011148 1.8393355 1.7720493 1.6804817 1.6267816 1.8533792 1.6876735 1.6069238 1.7439394 1.6574847 1.6277161 1.6037019 1.6441233 1.5529802 1.6390971 1.6556113 1.6848073 1.6964734 1.7611549 1.6862565 1.4413280 1.4592573 1.5155375 7.3230329 0.9188827 0.9420069 4.5391855 4.5911292 4.6180927 4.7025950 4.5422930 4.5491374 4.6180927 4.6180927 5.0916397 4.6140020 4.6172387 5.0031347 4.6180927 5.0771662 6.5917766 5.9278143 6.4585286 6.0320043 6.3379627 
AKR1B14|NP_446233.2|Rattus                                         1.4970030 1.4730853 1.4527248 1.4264584 0.5535873 0.5444849 0.6166338 0.6071365 0.6120804 0.6396621 0.1600815 0.2347961 0.2808796 0.3355347 0.2469156 0.0000000 0.3688530 0.1528990 0.2925903 1.6488484 1.5997711 1.6911299 1.6298552 1.5529655 1.6590333 1.5580001 1.8018320 1.7456140 1.6368400 1.7210651 1.7077011 1.7829283 1.6077423 1.6934042 1.7447834 1.7923245 1.7244486 1.6687459 1.7873178 1.7192865 1.6459740 1.7201713 1.6936157 1.6021728 1.5998970 1.6244648 1.4918775 1.5763169 1.5502120 1.6474526 1.6649928 1.7513945 1.7133907 1.4705395 1.4659954 1.5496307 7.2904446 0.9177196 0.9319738 4.6370178 4.7047794 4.7405256 4.8192814 4.6403517 4.6617616 4.7405256 4.7405256 5.1868132 4.7982369 4.7020891 5.0043630 4.7405256 5.0800262 6.3200088 5.9248006 6.3787354 5.9674119 6.3794347 
AKR1B15|EAL24068.1|Homo                                            1.5671160 1.5524502 1.5565454 1.5377597 0.5849856 0.5471459 0.5979068 0.5772634 0.5946367 0.6055789 0.3514610 0.3016079 0.2793927 0.0975008 0.2869785 0.3688530 0.0000000 0.3012845 0.2680513 1.6451614 1.6213157 1.6574452 1.6509283 1.5577495 1.6283767 1.6027319 1.7242802 1.7310908 1.7003114 1.8321892 1.7989272 1.8619285 1.5835186 1.7427022 1.8290094 1.7372669 1.7853889 1.5549407 1.8405275 1.8110842 1.6030543 1.7847115 1.7098151 1.6461518 1.6712144 1.6892495 1.5067211 1.6595902 1.5826074 1.6322025 1.6605477 1.8331601 1.7595182 1.4479874 1.4263441 1.5035038 7.8228643 1.0463390 1.0322005 4.9219505 4.9812212 4.9074276 5.1081676 4.9457040 4.9339347 4.9074276 4.9074276 5.6322388 4.9033540 4.9061542 5.6934219 4.9074276 5.7797391 6.3728372 5.8321947 6.3913894 5.9952731 6.3042002 
AKR1B18|NP_001013102.1|Rattus                                      1.5437361 1.5191955 1.5011869 1.4740161 0.5262081 0.5007838 0.5648311 0.5557481 0.5617955 0.5929758 0.1842310 0.2296541 0.2815149 0.2561126 0.2324186 0.1528990 0.3012845 0.0000000 0.2945761 1.6757438 1.6292765 1.6586727 1.6501848 1.5345782 1.6584218 1.5850541 1.7600187 1.7449702 1.6300702 1.7521466 1.7346689 1.8016755 1.6733105 1.6801747 1.7391090 1.7382241 1.7478862 1.6140237 1.8152470 1.7464693 1.6644200 1.7449241 1.7146969 1.6106369 1.6826181 1.7271728 1.4769183 1.5955923 1.5852760 1.6348898 1.7007950 1.8465757 1.7547096 1.4638984 1.4900034 1.5303491 7.6502479 0.9009998 0.9241114 4.7683435 4.8394605 4.8736033 4.9600495 4.7720571 4.7943515 4.8736033 4.8736033 5.3742796 4.8420458 4.8421952 5.2586214 4.8736033 5.3384576 6.3426343 5.8796027 6.6060076 5.9041654 6.4051995 
AKR1B19|NP_001254517.1|Oryctolagus                                 1.4056952 1.3896501 1.3830996 1.3576873 0.4660822 0.4737430 0.5434443 0.5382537 0.5175941 0.5461664 0.3044818 0.2127325 0.1973546 0.1962242 0.2320719 0.2925903 0.2680513 0.2945761 0.0000000 1.5720746 1.5431316 1.6493820 1.5957448 1.4673290 1.6916308 1.5513616 1.7515676 1.7300930 1.6029267 1.6740274 1.7216702 1.7489786 1.4453864 1.6804626 1.7855789 1.7213594 1.7263607 1.5002952 1.8099477 1.7334859 1.5921996 1.6852514 1.6280505 1.5558708 1.5389043 1.5985619 1.4134958 1.5839214 1.4859087 1.5419733 1.5696401 1.7400242 1.7272868 1.3494446 1.3764504 1.4327718 6.6703758 0.9962127 1.0648488 4.5365703 4.5496280 4.5262362 4.6586515 4.5396429 4.5464184 4.5262362 4.5262362 5.1346431 4.5221470 4.5255010 5.1340173 4.5262362 5.2117942 5.9072623 5.2607644 5.7137023 5.3999434 5.6290613 
AKR1C1|NP_001344.2|Homo                                            1.7893495 1.7550831 1.7809112 1.7153528 1.4545875 1.4782473 1.5736507 1.5978263 1.5126463 1.4722295 1.6900667 1.6171748 1.5305923 1.5633331 1.6455192 1.6488484 1.6451614 1.6757438 1.5720746 0.0000000 0.0231108 0.1517394 0.2323181 0.2840650 0.3534621 0.3452436 0.5180582 0.5407794 0.3476997 0.5753950 0.6248818 0.5539539 0.5194986 0.5709315 0.5821774 0.4520982 0.4705834 0.4009029 0.4470391 0.6241708 0.2600955 0.5606448 0.2313277 0.3891892 0.3672565 0.3588603 0.2993104 0.3339552 0.3389125 0.2556729 0.3351946 0.6154950 0.5674556 0.9463975 0.9183454 0.9656301 5.4196285 1.5210614 1.5457178 4.5908804 4.5464791 4.6859958 4.6686263 4.5376805 4.5053781 4.6859958 4.6859958 4.8407366 4.6295289 4.5863102 4.9517819 4.6859958 4.9115290 5.6438413 5.3894148 5.4538917 5.1605802 5.9786488 
AKR1C2|NP_001345.1|Homo                                            1.7895835 1.7692123 1.7826368 1.7169394 1.4343517 1.4576295 1.5641178 1.5882220 1.4916882 1.4515843 1.6452186 1.5776697 1.4926520 1.5192262 1.6054236 1.5997711 1.6213157 1.6292765 1.5431316 0.0231108 0.0000000 0.1655102 0.2524172 0.3061808 0.3768675 0.3683147 0.5398548 0.5571810 0.3606931 0.5830104 0.6329207 0.5664656 0.5427044 0.5742653 0.5670863 0.4680343 0.4744774 0.4134482 0.4419239 0.6322176 0.2789930 0.5681414 0.2559231 0.3895393 0.3748981 0.3776215 0.3163940 0.3519538 0.3671102 0.2811848 0.3631872 0.6234443 0.5812359 0.9448001 0.9145195 0.9741989 5.3651402 1.5301614 1.5456758 4.4924722 4.4490738 4.5855569 4.5677777 4.4405210 4.4090721 4.5855569 4.5855569 4.7036872 4.5305664 4.4884507 4.8117295 4.5855569 4.7728221 5.6494878 5.4066749 5.6200114 5.1297159 5.9925788 
AKR1C3|NP_003730.4|Homo                                            1.9466385 1.8976137 1.9300926 1.8653116 1.4546725 1.4995640 1.5709857 1.5914093 1.4919728 1.4732987 1.6659143 1.6871511 1.5749951 1.5585985 1.7040663 1.6911299 1.6574452 1.6586727 1.6493820 0.1517394 0.1655102 0.0000000 0.2158748 0.3300613 0.3672257 0.3908901 0.4771642 0.5166629 0.3472542 0.6177535 0.6752981 0.5201282 0.5386960 0.6268529 0.6221064 0.4230932 0.4974333 0.3809167 0.4699497 0.6746459 0.3189369 0.6040053 0.2174981 0.3860893 0.3774872 0.3701990 0.3141596 0.3642474 0.3564641 0.2919477 0.3541830 0.6558250 0.6183555 1.0397064 0.9793673 1.0795010 5.5899084 1.5274716 1.6095430 4.5739662 4.5300686 4.7177432 4.6507075 4.5213781 4.4894643 4.7177432 4.7177432 4.6811259 4.6469292 4.6004991 4.8089047 4.7177432 4.7658270 6.1383305 5.5929761 5.7125586 5.3879363 6.0379992 
AKR1C4|P17516.3|Homo                                               1.8339881 1.8174914 1.8068229 1.7458516 1.4466936 1.5076248 1.5132682 1.5359883 1.5376037 1.4586914 1.5979195 1.6090607 1.5076150 1.5345693 1.6250238 1.6298552 1.6509283 1.6501848 1.5957448 0.2323181 0.2524172 0.2158748 0.0000000 0.3124213 0.3735258 0.4098317 0.5319639 0.5322387 0.3750817 0.6052235 0.6366977 0.5397664 0.5151375 0.5978737 0.6236578 0.4742765 0.5310116 0.4322805 0.4709104 0.6360016 0.3086627 0.6018397 0.0677040 0.3859628 0.3840700 0.3934186 0.3549868 0.3670488 0.3465323 0.2963275 0.3731984 0.6267118 0.5937252 0.9976452 0.9524558 1.0100261 5.5040117 1.5268625 1.5387373 4.5075543 4.4646985 4.7442600 4.5819914 4.4562444 4.4251638 4.7442600 4.7442600 4.7413027 4.6286778 4.5888021 4.8695338 4.7442600 4.8494808 5.7159448 5.4210146 5.4868952 5.2052287 5.9038366 
AKR1C5|P80508.1|Oryctolagus                                        1.8927117 1.8738183 1.8598677 1.8412089 1.2824250 1.3356993 1.3998827 1.4213919 1.3501575 1.3308759 1.5573177 1.5238035 1.4967850 1.4148603 1.5676346 1.5529655 1.5577495 1.5345782 1.4673290 0.2840650 0.3061808 0.3300613 0.3124213 0.0000000 0.2995983 0.4010802 0.5068503 0.4741435 0.4114949 0.6739702 0.6746612 0.4878903 0.4799304 0.6279049 0.6711843 0.4520750 0.4790708 0.3468553 0.4538575 0.6740039 0.3104252 0.6464146 0.3119951 0.2781671 0.2946400 0.3008156 0.2009107 0.2452937 0.2451807 0.1024425 0.3286848 0.6836299 0.6173727 0.9264933 0.9404372 0.9782506 5.7866861 1.4790306 1.4283298 4.5097664 4.5502187 4.7163680 4.6740094 4.5300817 4.5086055 4.7163680 4.7163680 4.9602635 4.6365406 4.6361515 4.9835304 4.7163680 4.9733616 5.7513808 5.2966087 5.4713093 5.0038900 5.7413851 
AKR1C6|NP_085114.1|Mus                                             1.9573887 1.8734746 1.9397417 1.8922337 1.4117784 1.4692843 1.4466069 1.4665205 1.4168380 1.4392256 1.7226789 1.7690202 1.6930049 1.5706814 1.7838800 1.6590333 1.6283767 1.6584218 1.6916308 0.3534621 0.3768675 0.3672257 0.3735258 0.2995983 0.0000000 0.4746901 0.5039438 0.4717919 0.4746631 0.6219757 0.6497204 0.4713785 0.5072583 0.6381383 0.6263225 0.4593809 0.5216253 0.1395759 0.3939663 0.6490357 0.3559181 0.6226891 0.3612475 0.3739550 0.3803006 0.3877036 0.3487325 0.3765071 0.3503870 0.3018077 0.3549061 0.6208493 0.5892855 0.9413215 0.9532146 0.9941494 5.3473878 1.4357949 1.4095823 4.6552182 4.7226461 4.7251790 4.8508737 4.7016839 4.6796278 4.7251790 4.7251790 4.8206118 4.6956923 4.6362520 4.8747949 4.7251790 4.8065486 5.6235180 5.3073311 5.4164667 5.0548347 5.7458843 
AKR1C7|P05980.3|Bos                                                1.9202320 1.8918155 1.8789110 1.8607643 1.3615116 1.4149640 1.4936852 1.5206550 1.4551396 1.4328612 1.5723092 1.6103514 1.5134703 1.5147542 1.6401032 1.5580001 1.6027319 1.5850541 1.5513616 0.3452436 0.3683147 0.3908901 0.4098317 0.4010802 0.4746901 0.0000000 0.5557209 0.5607390 0.1804750 0.6235911 0.6458169 0.6058297 0.4911316 0.5778031 0.6093693 0.5047973 0.6190783 0.4708116 0.5643537 0.6451307 0.3886897 0.6217691 0.4482804 0.4440628 0.4575517 0.4513773 0.4261745 0.4177989 0.3938257 0.4015243 0.4632952 0.6358444 0.6205170 0.9716712 0.9784925 0.9913179 5.1092848 1.5041143 1.5115801 4.4975892 4.4655216 4.6242745 4.6045567 4.4464532 4.4259686 4.6242745 4.6242745 4.6731644 4.4687199 4.4244748 4.8009782 4.6242745 4.8035935 5.7838989 5.1864219 5.5169010 5.0234504 5.6067511 
AKR1C8|P51652.1|Rattus                                             2.0598167 2.0328572 2.0407304 2.0114227 1.5297749 1.5515174 1.6182359 1.6371563 1.5384998 1.5150255 1.7577611 1.8170386 1.7169519 1.6752059 1.7457949 1.8018320 1.7242802 1.7600187 1.7515676 0.5180582 0.5398548 0.4771642 0.5319639 0.5068503 0.5039438 0.5557209 0.0000000 0.6012992 0.6184492 0.6527576 0.6889614 0.5677142 0.7148414 0.6864058 0.6974212 0.0646154 0.6340971 0.5304747 0.5592547 0.6883225 0.4677389 0.6601804 0.5316791 0.5713204 0.5289361 0.5244395 0.5119956 0.5691813 0.5171690 0.5069338 0.5032077 0.6663943 0.6562933 1.0782258 1.1597571 1.1223145 5.6151525 1.5384920 1.6721077 4.9486814 4.8957964 4.8964856 5.0547727 4.8726932 4.8508674 4.8964856 4.8964856 5.2348985 4.8460903 4.7918799 5.2866633 4.8964856 5.2181211 5.7200383 5.6689994 5.9249642 5.5863681 6.0937143 
AKR1C9|P23457.1|Rattus                                             2.0935448 2.0581072 2.1174626 2.0584129 1.6137373 1.6396035 1.6470357 1.6711401 1.6647876 1.6845765 1.7978342 1.8377643 1.7183080 1.6916745 1.8711641 1.7456140 1.7310908 1.7449702 1.7300930 0.5407794 0.5571810 0.5166629 0.5322387 0.4741435 0.4717919 0.5607390 0.6012992 0.0000000 0.5633822 0.6838402 0.7095968 0.1523566 0.7122139 0.6627780 0.6957013 0.5703985 0.6418689 0.5036476 0.5810729 0.7089647 0.5258188 0.7066372 0.5223402 0.5375179 0.5018696 0.5371574 0.4882454 0.5790721 0.5460011 0.4691082 0.4667709 0.7045007 0.6431335 1.0942835 1.1936309 1.1113146 5.5872141 1.6380822 1.6729673 4.4277042 4.3851106 4.7475565 4.4984187 4.3779421 4.3579930 4.7475565 4.7475565 4.6426984 4.6922545 4.7043807 4.7790796 4.7475565 4.8146960 6.5062989 5.5803716 6.1573230 5.7106934 6.2504881 
AKR1C11|BAA13690.1|Bos                                             1.8748168 1.8717811 1.8475626 1.7981861 1.4222697 1.4573158 1.5326989 1.5531417 1.4688210 1.4508833 1.6530206 1.6023022 1.5378170 1.5028494 1.6330327 1.6368400 1.7003114 1.6300702 1.6029267 0.3476997 0.3606931 0.3472542 0.3750817 0.4114949 0.4746631 0.1804750 0.6184492 0.5633822 0.0000000 0.6590564 0.6319986 0.5922550 0.4767581 0.5900168 0.6269724 0.5553092 0.5694969 0.4503159 0.5393534 0.6313023 0.3626460 0.6484605 0.3993119 0.4383962 0.4930601 0.4878672 0.4391168 0.4545276 0.4378779 0.4038443 0.4979696 0.6628665 0.6407891 0.9424458 0.9353412 0.9421879 5.3395638 1.5170063 1.5524876 4.5707312 4.5381481 4.8757823 4.6804535 4.5186016 4.4977296 4.8757823 4.8757823 4.7352620 4.7032007 4.6857949 4.8255327 4.8757823 4.8279678 5.6223638 5.3157517 5.4893599 5.1817374 5.7949431 
AKR1C12|NP_038805.2|Mus                                            2.0108873 1.9594303 2.0015215 1.9967881 1.6187784 1.5791797 1.6123354 1.6160200 1.5931404 1.5516394 1.7930121 1.7212187 1.6419294 1.7057288 1.7368640 1.7210651 1.8321892 1.7521466 1.6740274 0.5753950 0.5830104 0.6177535 0.6052235 0.6739702 0.6219757 0.6235911 0.6527576 0.6838402 0.6590564 0.0000000 0.0725159 0.7028804 0.7520156 0.1368797 0.1839967 0.6124477 0.4391525 0.6839177 0.6880807 0.0762565 0.6174474 0.1044583 0.5889647 0.5615816 0.5509285 0.6030874 0.6063412 0.6125986 0.6143926 0.6352067 0.6354993 0.1953297 0.2090653 1.2708005 1.2918706 1.3061441 6.0100697 1.5576946 1.5733698 4.7075303 4.7514165 5.1063597 4.8778591 4.6828776 4.7088778 5.1063597 5.1063597 4.8542725 5.0357265 4.9901324 5.1039154 5.1063597 5.0400602 5.6585239 5.2329566 5.4330125 5.1185611 5.8571257 
AKR1C13|NP_038806.2|Mus                                            1.9530357 1.9034781 1.9501350 1.9491534 1.6381760 1.5978782 1.6417337 1.6454054 1.6323604 1.6150154 1.7887306 1.6812251 1.6015994 1.6752548 1.6761486 1.7077011 1.7989272 1.7346689 1.7216702 0.6248818 0.6329207 0.6752981 0.6366977 0.6746612 0.6497204 0.6458169 0.6889614 0.7095968 0.6319986 0.0725159 0.0000000 0.7221248 0.7574384 0.1126677 0.1737708 0.6155519 0.4435703 0.6623836 0.6707140 0.0032465 0.6235035 0.1494271 0.6230822 0.5406948 0.5531442 0.6051848 0.6188424 0.6361436 0.6421316 0.6404257 0.6846376 0.1868008 0.1949873 1.2920395 1.3058318 1.3226350 5.9815354 1.5966072 1.5994257 4.8889935 4.9354369 5.3154492 5.0696906 4.8630727 4.8904500 5.3154492 5.3154492 5.0021953 5.2349389 5.1866295 5.2620871 5.3154492 5.1951998 5.9443632 5.5110013 5.7061704 5.3660769 6.1078894 
AKR1C14|NP_598833.1|Mus                                            2.0713145 2.0414941 2.1476842 2.1040938 1.5588710 1.6118037 1.6230912 1.6457610 1.6305754 1.6315399 1.8740668 1.8324894 1.7102444 1.6971681 1.8925147 1.7829283 1.8619285 1.8016755 1.7489786 0.5539539 0.5664656 0.5201282 0.5397664 0.4878903 0.4713785 0.6058297 0.5677142 0.1523566 0.5922550 0.7028804 0.7221248 0.0000000 0.7647522 0.6801269 0.6989811 0.5256127 0.6022528 0.4906705 0.5346053 0.7215093 0.5105418 0.7284006 0.5388352 0.5220360 0.5059488 0.5446765 0.4782374 0.5808279 0.5610548 0.4878334 0.4781418 0.7089096 0.6699087 1.0969793 1.2083863 1.1587193 5.2664769 1.6081754 1.6589679 4.5821843 4.5660137 4.7851856 4.6856911 4.5583421 4.5374816 4.7851856 4.7851856 4.6197635 4.6142019 4.6686957 4.7920469 4.7851856 4.8522124 6.1977604 5.5501403 5.9949128 5.6087542 5.9820245 
AKR1C15|2008147B|Rattus                                            2.0161423 2.0045401 1.9582826 1.9314380 1.3830859 1.4300927 1.4700693 1.4682753 1.4422369 1.3961046 1.6402858 1.6383559 1.5381051 1.4674368 1.6808489 1.6077423 1.5835186 1.6733105 1.4453864 0.5194986 0.5427044 0.5386960 0.5151375 0.4799304 0.5072583 0.4911316 0.7148414 0.7122139 0.4767581 0.7520156 0.7574384 0.7647522 0.0000000 0.7530650 0.7492845 0.6773951 0.7409311 0.5351891 0.7062290 0.7568522 0.5669950 0.7700060 0.5398563 0.5097616 0.5810025 0.5877519 0.5005887 0.5256114 0.4946297 0.4963847 0.5613351 0.8139184 0.8101747 1.0475942 1.0497757 1.0623959 5.5096682 1.6002318 1.5502525 4.4531660 4.4204349 4.4827649 4.5851329 4.4010857 4.3802289 4.4827649 4.4827649 4.7651356 4.5698256 4.5238080 4.8597902 4.4827649 4.8741392 5.6068505 5.1951453 5.2646771 4.9567810 5.6755957 
AKR1C16|2008147A|Rattus                                            1.9691753 1.9078377 1.9644895 1.9241782 1.6553649 1.5876779 1.6394237 1.6405111 1.6210374 1.6008462 1.7097076 1.7062442 1.6318370 1.6040796 1.7011148 1.6934042 1.7427022 1.6801747 1.6804626 0.5709315 0.5742653 0.6268529 0.5978737 0.6279049 0.6381383 0.5778031 0.6864058 0.6627780 0.5900168 0.1368797 0.1126677 0.6801269 0.7530650 0.0000000 0.0876154 0.6103287 0.4506166 0.6599086 0.6918774 0.1165222 0.5725874 0.1133989 0.6058920 0.5393188 0.5524478 0.6062452 0.5609766 0.6021001 0.6183015 0.5959903 0.6351435 0.1899469 0.2037541 1.3120518 1.3291367 1.2875860 5.8715730 1.6368162 1.6178281 4.9809171 5.0294875 5.3248883 5.1701714 4.9538986 4.9824577 5.3248883 5.3248883 5.1810012 5.3187781 5.2693769 5.3743274 5.3248883 5.4076335 6.1018845 5.5953014 5.8901616 5.6848885 6.1923264 
AKR1C17|2008147C|Rattus                                            2.0347194 1.9748106 2.0163069 1.9754098 1.7511808 1.6765599 1.7296436 1.7306022 1.7189427 1.7172833 1.7971725 1.8174171 1.7199215 1.7358322 1.8393355 1.7447834 1.8290094 1.7391090 1.7855789 0.5821774 0.5670863 0.6221064 0.6236578 0.6711843 0.6263225 0.6093693 0.6974212 0.6957013 0.6269724 0.1839967 0.1737708 0.6989811 0.7492845 0.0876154 0.0000000 0.6297883 0.5044011 0.6308582 0.6539740 0.1778855 0.5961644 0.1488426 0.6180646 0.5655570 0.5728130 0.6269468 0.6013113 0.6358709 0.6484602 0.6217514 0.6480323 0.2427091 0.2376625 1.3797130 1.3927963 1.3529537 5.9032207 1.6891139 1.6691432 4.8878009 4.9342230 5.2584827 5.0683869 4.8618898 4.8892565 5.2584827 5.2584827 4.9549596 5.2234563 5.1704320 5.1224903 5.2584827 5.0899429 6.2648955 5.8018537 6.0901791 5.6460354 6.4095221 
AKR1C18|NP_001333464.1|Mus                                         1.9991843 1.9711321 1.9733634 1.9423453 1.4757018 1.5165083 1.5965986 1.6200730 1.4992236 1.5000164 1.7732274 1.8255279 1.7501731 1.6934868 1.7720493 1.7923245 1.7372669 1.7382241 1.7213594 0.4520982 0.4680343 0.4230932 0.4742765 0.4520750 0.4593809 0.5047973 0.0646154 0.5703985 0.5553092 0.6124477 0.6155519 0.5256127 0.6773951 0.6103287 0.6297883 0.0000000 0.6224584 0.4767110 0.4834739 0.6147692 0.4318502 0.6041238 0.4767247 0.5303012 0.4551860 0.4573456 0.4544482 0.5007516 0.4570074 0.4410058 0.4615469 0.6204188 0.5979914 1.0314876 1.1009457 1.0763702 5.9321859 1.5331865 1.6297844 5.0459751 4.9907309 5.0787343 5.1588199 4.9859177 4.9433709 5.0787343 5.0787343 5.1739157 5.0289442 4.9709892 5.3031497 5.0787343 5.2586407 5.9144460 5.8534596 6.1292755 5.7226672 6.2667728 
AKR1C19|NP_001013807.2|Mus                                         1.9982168 1.9516953 1.9554762 1.9160358 1.5029059 1.5565672 1.5932228 1.5881678 1.5447267 1.5540228 1.7543597 1.6797786 1.7085708 1.5793418 1.6804817 1.7244486 1.7853889 1.7478862 1.7263607 0.4705834 0.4744774 0.4974333 0.5310116 0.4790708 0.5216253 0.6190783 0.6340971 0.6418689 0.5694969 0.4391525 0.4435703 0.6022528 0.7409311 0.4506166 0.5044011 0.6224584 0.0000000 0.5446718 0.5752801 0.4441875 0.5217538 0.4655814 0.5290096 0.4767621 0.5190452 0.5608972 0.4396071 0.5549523 0.5624736 0.4693074 0.5296772 0.4878119 0.4794219 1.1715265 1.1470043 1.2122565 5.4901619 1.5489455 1.5253900 4.3380566 4.3780524 4.6892514 4.4930279 4.3152922 4.3392441 4.6892514 4.6892514 4.6694127 4.5858239 4.5451514 4.8504947 4.6892514 4.7600633 5.3517041 4.9484025 5.3235328 4.8855623 5.3666566 
AKR1C20|NP_473421.1|Mus                                            1.8652887 1.7847279 1.8583268 1.8305823 1.3518851 1.4493036 1.4019594 1.4209329 1.3278296 1.4023245 1.6454240 1.6201068 1.5227011 1.4507759 1.6267816 1.6687459 1.5549407 1.6140237 1.5002952 0.4009029 0.4134482 0.3809167 0.4322805 0.3468553 0.1395759 0.4708116 0.5304747 0.5036476 0.4503159 0.6839177 0.6623836 0.4906705 0.5351891 0.6599086 0.6308582 0.4767110 0.5446718 0.0000000 0.4450285 0.6605217 0.3784929 0.6908089 0.4336024 0.3696749 0.3981561 0.4216748 0.3442605 0.4564458 0.4100832 0.3569514 0.3961866 0.6736471 0.6443678 0.9869015 0.9588692 1.0165399 4.6933324 1.3880800 1.3865843 5.0229745 5.0501814 5.2187058 5.2243762 5.0372477 5.0079273 5.2187058 5.2187058 5.2357751 5.0910460 5.1314485 5.4060296 5.2187058 5.2821391 7.1260775 6.4434986 6.7045098 6.0307968 6.9321757 
AKR1C21|NP_084177.2|Mus                                            2.0223040 1.9770881 2.0037225 1.9578066 1.5638966 1.6107363 1.6898838 1.7120385 1.6099721 1.5834751 1.9115384 1.8481438 1.7310982 1.7884012 1.8533792 1.7873178 1.8405275 1.8152470 1.8099477 0.4470391 0.4419239 0.4699497 0.4709104 0.4538575 0.3939663 0.5643537 0.5592547 0.5810729 0.5393534 0.6880807 0.6707140 0.5346053 0.7062290 0.6918774 0.6539740 0.4834739 0.5752801 0.4450285 0.0000000 0.6700489 0.4748739 0.6825757 0.4884103 0.5004950 0.5120576 0.5198736 0.4784202 0.5175376 0.5018981 0.4350423 0.5377852 0.6714007 0.6625503 1.0312844 1.0378790 1.1208430 5.4177166 1.6698845 1.5862171 4.4594123 4.4390416 4.4629650 4.5555431 4.4360670 4.3997464 4.4629650 4.4629650 4.5415535 4.3704386 4.4001026 4.5416456 4.4629650 4.4803128 6.0663484 5.5482656 5.7265564 5.3811111 5.9655129 
AKR1C22|BAD02825.1|Mus                                             1.9416883 1.8923543 1.9387658 1.9377630 1.6495695 1.6091531 1.6532724 1.6569340 1.6437484 1.6263496 1.8007467 1.6927449 1.6127337 1.6868016 1.6876735 1.7192865 1.8110842 1.7464693 1.7334859 0.6241708 0.6322176 0.6746459 0.6360016 0.6740039 0.6490357 0.6451307 0.6883225 0.7089647 0.6313023 0.0762565 0.0032465 0.7215093 0.7568522 0.1165222 0.1778855 0.6147692 0.4441875 0.6605217 0.6700489 0.0000000 0.6220324 0.1533901 0.6223705 0.5392899 0.5523390 0.6044448 0.6181221 0.6354448 0.6414390 0.6397296 0.6839860 0.1909667 0.1991536 1.2917982 1.3055985 1.3224091 5.9964160 1.5862279 1.6110891 4.9126050 4.9590490 5.3384814 5.0933093 4.8867015 4.9140658 5.3384814 5.3384814 5.0263930 5.2581869 5.2099240 5.2856834 5.3384814 5.2189096 5.9660451 5.5333845 5.7282861 5.3893411 6.1283219 
AKR1C23|AAY16444.1|Equus                                           1.8748946 1.8409191 1.8798800 1.8188316 1.4238989 1.4026842 1.4544997 1.4777065 1.4608819 1.4032900 1.6534890 1.5597412 1.5252486 1.5464961 1.6069238 1.6459740 1.6030543 1.6644200 1.5921996 0.2600955 0.2789930 0.3189369 0.3086627 0.3104252 0.3559181 0.3886897 0.4677389 0.5258188 0.3626460 0.6174474 0.6235035 0.5105418 0.5669950 0.5725874 0.5961644 0.4318502 0.5217538 0.3784929 0.4748739 0.6220324 0.0000000 0.5902364 0.3031167 0.3776333 0.3786686 0.3742255 0.3123050 0.3235565 0.3338796 0.2953384 0.3875273 0.6040056 0.5416290 0.9454746 0.9516321 0.9894916 5.7702525 1.4810759 1.4414472 4.5795882 4.5465443 4.8556440 4.6684504 4.5096777 4.5055336 4.8556440 4.8556440 4.7560171 4.7504413 4.7353623 4.8688834 4.8556440 4.8176517 5.9956504 5.4368922 5.6125176 5.2819305 5.7319030 
AKR1C24|BAE75957.1|Rattus                                          2.0891431 2.0247065 2.0697303 2.0630973 1.6450301 1.5869495 1.5899820 1.6095082 1.6311135 1.5899073 1.7771319 1.7399205 1.6712876 1.6533173 1.7439394 1.7201713 1.7847115 1.7449241 1.6852514 0.5606448 0.5681414 0.6040053 0.6018397 0.6464146 0.6226891 0.6217691 0.6601804 0.7066372 0.6484605 0.1044583 0.1494271 0.7284006 0.7700060 0.1133989 0.1488426 0.6041238 0.4655814 0.6908089 0.6825757 0.1533901 0.5902364 0.0000000 0.6025049 0.5622353 0.5540839 0.6073905 0.5941934 0.5921950 0.5982300 0.6287945 0.6405467 0.2086205 0.2239115 1.3218241 1.3394119 1.3184177 5.7863567 1.6233979 1.5889433 4.8967122 4.9437189 5.2516512 5.0796818 4.8704885 4.8981876 5.2516512 5.2516512 5.0926351 5.2252255 5.1761432 5.3605502 5.2516512 5.2888548 6.0488298 5.5482881 5.8068783 5.3321412 6.2452273 
AKR1C25|BAB63209.2|Macaca                                          1.8624670 1.8276607 1.8244521 1.7647084 1.4734127 1.5227020 1.5771577 1.6016267 1.5498025 1.4676710 1.6716397 1.6411667 1.5602368 1.5901543 1.6574847 1.6936157 1.7098151 1.7146969 1.6280505 0.2313277 0.2559231 0.2174981 0.0677040 0.3119951 0.3612475 0.4482804 0.5316791 0.5223402 0.3993119 0.5889647 0.6230822 0.5388352 0.5398563 0.6058920 0.6180646 0.4767247 0.5290096 0.4336024 0.4884103 0.6223705 0.3031167 0.6025049 0.0000000 0.3948967 0.3664978 0.3818420 0.3424213 0.3504492 0.3334918 0.2849976 0.3773343 0.6232940 0.5677432 1.0034217 0.9685909 1.0206553 5.4405150 1.5143554 1.5111723 4.6633527 4.6191739 4.6998939 4.7411963 4.6103787 4.5781161 4.6998939 4.6998939 4.7754274 4.6045821 4.6020348 4.8626420 4.6998939 4.8426681 6.0624741 5.5994940 5.6640028 5.4541445 6.0871118 
AKR1C26|BAM37087.1|Oryctolagus                                     1.8766361 1.8865694 1.9032174 1.9052535 1.3098354 1.4069212 1.4487107 1.4737743 1.4347591 1.3957957 1.6656193 1.5892906 1.5174557 1.4808926 1.6277161 1.6021728 1.6461518 1.6106369 1.5558708 0.3891892 0.3895393 0.3860893 0.3859628 0.2781671 0.3739550 0.4440628 0.5713204 0.5375179 0.4383962 0.5615816 0.5406948 0.5220360 0.5097616 0.5393188 0.5655570 0.5303012 0.4767621 0.3696749 0.5004950 0.5392899 0.3776333 0.5622353 0.3948967 0.0000000 0.1460145 0.1556167 0.2896106 0.3017802 0.2993179 0.2458935 0.4010950 0.5303247 0.5495654 1.0297286 1.0640514 1.0889275 5.4269948 1.4842157 1.5096641 4.3395901 4.3735058 4.5896035 4.4894102 4.3481221 4.3343993 4.5896035 4.5896035 4.6597126 4.4884372 4.4772552 4.7135762 4.5896035 4.7401878 5.7541033 5.2113106 5.4645935 5.1888784 5.7056542 
AKR1C27|BAM37088.1|Oryctolagus                                     1.8590618 1.8218741 1.8357978 1.8398984 1.3290564 1.4181353 1.5135921 1.5394059 1.4601296 1.4257345 1.6667997 1.5713061 1.5039868 1.5433115 1.6037019 1.5998970 1.6712144 1.6826181 1.5389043 0.3672565 0.3748981 0.3774872 0.3840700 0.2946400 0.3803006 0.4575517 0.5289361 0.5018696 0.4930601 0.5509285 0.5531442 0.5059488 0.5810025 0.5524478 0.5728130 0.4551860 0.5190452 0.3981561 0.5120576 0.5523390 0.3786686 0.5540839 0.3664978 0.1460145 0.0000000 0.0504745 0.2562362 0.2831363 0.2718599 0.2573613 0.3901255 0.5321559 0.5103403 1.0214495 1.0445632 1.0580642 5.5839313 1.5094127 1.5406855 4.4818368 4.5104158 4.6365143 4.6302245 4.4909209 4.4700551 4.6365143 4.6365143 4.6612107 4.5288919 4.5231664 4.8085881 4.6365143 4.8049662 5.9321011 5.3026999 5.5773194 5.3454007 5.8749412 
AKR1C28|BAM37089.1|Oryctolagus                                     1.9037155 1.8700916 1.8684085 1.8704355 1.3757404 1.4613142 1.5468283 1.5731511 1.4960686 1.4690154 1.6960097 1.6076741 1.5391222 1.5694121 1.6441233 1.6244648 1.6892495 1.7271728 1.5985619 0.3588603 0.3776215 0.3701990 0.3934186 0.3008156 0.3877036 0.4513773 0.5244395 0.5371574 0.4878672 0.6030874 0.6051848 0.5446765 0.5877519 0.6062452 0.6269468 0.4573456 0.5608972 0.4216748 0.5198736 0.6044448 0.3742255 0.6073905 0.3818420 0.1556167 0.0504745 0.0000000 0.2578095 0.2890988 0.2799177 0.2630548 0.3965468 0.5790249 0.5414882 1.0199273 1.0316365 1.0544419 5.7137792 1.4941928 1.5212883 4.5153464 4.5445723 4.6930178 4.6668615 4.5246680 4.5034263 4.6930178 4.6930178 4.7150991 4.5826849 4.5768109 4.8418735 4.6930178 4.8380955 5.7927003 5.2166389 5.4655608 5.2560470 5.7808458 
AKR1C29|BAN20006.1|Oryctolagus                                     1.8207176 1.7673722 1.7768088 1.7609376 1.2653125 1.3080388 1.3459907 1.3470881 1.3162777 1.2895111 1.5034912 1.5390218 1.4350701 1.3744743 1.5529802 1.4918775 1.5067211 1.4769183 1.4134958 0.2993104 0.3163940 0.3141596 0.3549868 0.2009107 0.3487325 0.4261745 0.5119956 0.4882454 0.4391168 0.6063412 0.6188424 0.4782374 0.5005887 0.5609766 0.6013113 0.4544482 0.4396071 0.3442605 0.4784202 0.6181221 0.3123050 0.5941934 0.3424213 0.2896106 0.2562362 0.2578095 0.0000000 0.2063098 0.1869906 0.1972606 0.3284287 0.6213725 0.5602779 0.8840824 0.8901293 0.9079945 5.7035665 1.3968481 1.4162719 4.1714164 4.2064069 4.2547437 4.3151242 4.1888573 4.1695833 4.2547437 4.2547437 4.5398850 4.1531378 4.1480361 4.6034856 4.2547437 4.6030434 5.6221500 5.1352227 5.4059335 5.1121180 5.6154247 
