37
AKR2A1|P28475.1|Malus                      0.0000000 0.5404063 0.4735427 1.6380866 1.6520005 1.6341142 1.6282618 1.6204396 1.5621911 1.6466655 1.6568712 1.6709590 1.7107369 1.6735097 1.6909296 1.5751948 1.6873629 1.6656419 1.7249478 1.6590836 1.9351537 1.9580968 1.8213486 1.8456105 1.7792912 1.8485650 1.8539470 1.9096303 1.7970117 1.8972983 1.8249782 1.8003448 1.7814188 3.1516697 3.1962150 3.1967515 3.0689196 
AKR2A2|AAB97617.1|Apium                    0.5404063 0.0000000 0.4159653 1.6094850 1.5518309 1.6155729 1.6048464 1.6464706 1.6216545 1.7176825 1.7966887 1.8463839 1.8893700 1.8642096 1.8824042 1.7523934 1.5519777 1.5015919 1.6093388 1.5678751 1.8253982 1.8242980 1.6677884 1.8218832 1.6076145 1.7286060 1.7437149 1.8148689 1.6382888 1.6914085 1.7080697 1.6671913 1.6956490 2.9355892 2.8885836 2.8976618 2.8459627 
AKR2A3|QLF98851.1|Oryza                    0.4735427 0.4159653 0.0000000 1.7314298 1.7811430 1.8970456 1.8292002 1.6003029 1.5942134 1.6750338 1.6280023 1.7219578 1.7547632 1.7380638 1.7421275 1.6399369 1.4463265 1.4396114 1.5404734 1.5952492 1.6973197 1.6926128 1.4426241 1.6266435 1.4365494 1.4738187 1.5513665 1.6262455 1.4950824 1.4603189 1.4640781 1.3987455 1.4242708 2.9653129 2.9565924 3.1517358 3.0335752 
AKR4A1|P26690.1|Glycine                    1.6380866 1.6094850 1.7314298 0.0000000 0.1925980 0.1502168 0.1503319 0.9976451 0.8332679 0.8846317 0.9493315 0.8830141 0.9386477 0.9038612 0.8784960 0.9511859 1.5910771 1.5654217 1.6518134 1.5980774 1.6282324 1.6166252 1.4651071 1.5260858 1.3710875 1.3956531 1.4969301 1.4270338 1.6030617 1.4606115 1.4327568 1.4365816 1.4143492 3.2217893 3.1724164 3.2213242 2.8729459 
AKR4A2|Q40333|Medicago                     1.6520005 1.5518309 1.7811430 0.1925980 0.0000000 0.1460902 0.1493210 1.0418037 0.8914835 0.9208687 1.0104216 0.9875710 1.0389991 0.9639069 0.9404086 0.9461642 1.6102949 1.5655413 1.6642507 1.6696611 1.6627203 1.6604629 1.4723713 1.5418536 1.4096154 1.4083050 1.4752112 1.3710065 1.5675576 1.4854493 1.4544506 1.4303459 1.4245211 3.0776341 3.0689688 3.1907588 2.8946864 
AKR4A3|BAA12084.1|Glycyrrhiza              1.6341142 1.6155729 1.8970456 0.1502168 0.1460902 0.0000000 0.0227107 1.0293476 0.9003578 0.9545760 1.0385104 0.9363049 0.9980878 0.9373536 0.9211815 0.9413669 1.7292604 1.6407866 1.7409720 1.6714673 1.6793026 1.6771392 1.4962718 1.6118253 1.4651045 1.4040157 1.5144437 1.4398609 1.6793056 1.5192734 1.4941896 1.4890751 1.4539513 3.1211802 3.0622620 3.2465576 2.9174454 
AKR4A4|BAA13113.1|Glycyrrhiza              1.6282618 1.6048464 1.8292002 0.1503319 0.1493210 0.0227107 0.0000000 1.0309817 0.9150393 0.9695593 1.0623072 0.9267714 0.9826961 0.9141698 0.8982314 0.9680605 1.7012139 1.6137907 1.7127297 1.6556270 1.6450848 1.6427024 1.4881546 1.6006410 1.4343634 1.3943159 1.5030844 1.4031198 1.6538630 1.4878507 1.4742506 1.4809830 1.4551647 3.1357551 3.0312244 3.2992030 2.9554583 
AKR4B1|CAA11226.1|Sesbania                 1.6204396 1.6464706 1.6003029 0.9976451 1.0418037 1.0293476 1.0309817 0.0000000 1.0119026 1.0192163 1.0206198 0.8859587 0.9061223 0.8844097 0.8816380 0.6857730 1.6088307 1.5998438 1.6452912 1.6273756 1.4733357 1.4738021 1.3755509 1.3332595 1.2912511 1.3222326 1.3838977 1.4133474 1.6254359 1.4376314 1.4023219 1.3545672 1.3817122 2.9727027 3.0605823 3.4026468 3.0307998 
AKR4B2|AAF13739.1|Papaver                  1.5621911 1.6216545 1.5942134 0.8332679 0.8914835 0.9003578 0.9150393 1.0119026 0.0000000 0.0419467 0.9530755 0.8897373 0.9143206 0.8703210 0.8604325 0.9710239 1.8045795 1.8344903 1.8942845 1.7690158 1.7250892 1.7359572 1.6246643 1.7172238 1.5271503 1.6433426 1.6323137 1.5715167 1.8096342 1.5844754 1.6500738 1.6539729 1.6527608 3.2094041 3.0786218 3.4860755 3.3172860 
AKR4B3|AAF13736.1|Papaver                  1.6466655 1.7176825 1.6750338 0.8846317 0.9208687 0.9545760 0.9695593 1.0192163 0.0419467 0.0000000 1.0015415 0.9369552 0.9313387 0.9098284 0.9000296 1.0022855 1.7871432 1.8097704 1.8375918 1.7970101 1.7829159 1.7943717 1.6880174 1.7189621 1.5642399 1.6710341 1.6636884 1.6128327 1.7448100 1.6600631 1.6806092 1.6955758 1.6943382 3.2610623 3.1860095 3.4244012 3.2655800 
AKR4B4|AAB97005.1|Fragaria                 1.6568712 1.7966887 1.6280023 0.9493315 1.0104216 1.0385104 1.0623072 1.0206198 0.9530755 1.0015415 0.0000000 1.0112178 1.0611601 1.1155313 1.0844585 1.1009506 1.6453317 1.7001255 1.7040774 1.6050278 1.8332564 1.8303710 1.5129738 1.5874114 1.6112825 1.5662031 1.5996791 1.4645580 1.6812766 1.5500744 1.5809865 1.5357352 1.5237542 3.1876888 3.1001747 3.2336969 2.7958175 
AKR4B5|BAF03164.1|Zea                      1.6709590 1.8463839 1.7219578 0.8830141 0.9875710 0.9363049 0.9267714 0.8859587 0.8897373 0.9369552 1.0112178 0.0000000 0.2461730 0.2234863 0.2186905 0.9627501 1.7424274 1.7209322 1.7707676 1.6774838 1.5598150 1.5492779 1.4490529 1.3357625 1.3292815 1.3698208 1.2928331 1.3786762 1.7715045 1.4538193 1.3549286 1.4441728 1.4400829 3.3682683 3.2317085 4.0775514 3.3858761 
AKR4B6|BAF03161.1|Oryza                    1.7107369 1.8893700 1.7547632 0.9386477 1.0389991 0.9980878 0.9826961 0.9061223 0.9143206 0.9313387 1.0611601 0.2461730 0.0000000 0.1816421 0.1742343 0.9671004 1.6630268 1.6329213 1.6992336 1.6800778 1.5599479 1.5629647 1.5047374 1.4093728 1.4485901 1.4045607 1.4157323 1.3427384 1.6760817 1.5281653 1.3944692 1.4985381 1.5004286 3.3796167 3.2608970 3.9503098 3.3423042 
AKR4B7|BAF03162.1|Hordeum                  1.6735097 1.8642096 1.7380638 0.9038612 0.9639069 0.9373536 0.9141698 0.8844097 0.8703210 0.9098284 1.1155313 0.2234863 0.1816421 0.0000000 0.0267357 0.9411051 1.7364638 1.7138835 1.7788497 1.7232196 1.5267153 1.5131053 1.4618479 1.4010031 1.3521638 1.3752679 1.3552738 1.3836489 1.7472719 1.4672869 1.3543728 1.4585453 1.4728424 3.5541998 3.4164620 3.9648280 3.4713993 
AKR4B8|BAF03163.1|Triticum                 1.6909296 1.8824042 1.7421275 0.8784960 0.9404086 0.9211815 0.8982314 0.8816380 0.8604325 0.9000296 1.0844585 0.2186905 0.1742343 0.0267357 0.0000000 0.9024028 1.7024238 1.6690087 1.7441134 1.6903476 1.5511049 1.5374746 1.4828064 1.3836350 1.3669962 1.3992485 1.3700830 1.3136683 1.7024281 1.4788037 1.3492595 1.4692333 1.4836646 3.3845153 3.2627570 3.9134737 3.3682769 
AKR4B10|ADK94763.1|Erythroxylum            1.5751948 1.7523934 1.6399369 0.9511859 0.9461642 0.9413669 0.9680605 0.6857730 0.9710239 1.0022855 1.1009506 0.9627501 0.9671004 0.9411051 0.9024028 0.0000000 1.6690554 1.6470364 1.7385517 1.6962199 1.7051366 1.7072330 1.6012560 1.6659119 1.4754223 1.5246749 1.5070339 1.5884696 1.6431902 1.5726155 1.6029776 1.5557080 1.5638071 3.1092587 3.0910491 3.5345467 3.1760207 
AKR4C1|P23901.1|Hordeum                    1.6873629 1.5519777 1.4463265 1.5910771 1.6102949 1.7292604 1.7012139 1.6088307 1.8045795 1.7871432 1.6453317 1.7424274 1.6630268 1.7364638 1.7024238 1.6690554 0.0000000 0.0835051 0.0703420 0.4915553 1.5498455 1.5694811 1.4072664 1.4560509 1.4206856 1.4507156 1.3914728 1.3449340 0.1318145 1.3819757 1.3170824 1.3778195 1.4352622 3.4748484 3.4467209 3.1178518 2.7462893 
AKR4C2|AAA21751.1|Bromus                   1.6656419 1.5015919 1.4396114 1.5654217 1.5655413 1.6407866 1.6137907 1.5998438 1.8344903 1.8097704 1.7001255 1.7209322 1.6329213 1.7138835 1.6690087 1.6470364 0.0835051 0.0000000 0.1018529 0.5152142 1.5581619 1.5779733 1.4321846 1.4574415 1.4156013 1.4744184 1.4094737 1.3551874 0.1506451 1.4061845 1.3638482 1.3883930 1.4351104 3.6085511 3.5668057 3.1771325 2.9163602 
AKR4C3|Q43320|Avena                        1.7249478 1.6093388 1.5404734 1.6518134 1.6642507 1.7409720 1.7127297 1.6452912 1.8942845 1.8375918 1.7040774 1.7707676 1.6992336 1.7788497 1.7441134 1.7385517 0.0703420 0.1018529 0.0000000 0.5093555 1.5402559 1.5767105 1.3958170 1.4888765 1.4525837 1.4689858 1.3918349 1.3227815 0.1550919 1.4017697 1.3237763 1.3664471 1.4237386 3.6118743 3.6371978 3.1510515 2.7912553 
AKR4C4|AAD22264.1|Xerophyta                1.6590836 1.5678751 1.5952492 1.5980774 1.6696611 1.6714673 1.6556270 1.6273756 1.7690158 1.7970101 1.6050278 1.6774838 1.6800778 1.7232196 1.6903476 1.6962199 0.4915553 0.5152142 0.5093555 0.0000000 1.5588236 1.5894323 1.4421254 1.4684082 1.4419771 1.4840882 1.3930091 1.3843069 0.5323154 1.4538042 1.3574269 1.4089414 1.4361539 3.5027474 3.3342492 3.3154082 2.8516636 
AKR4C5|CAC32834.1|Digitalis                1.9351537 1.8253982 1.6973197 1.6282324 1.6627203 1.6793026 1.6450848 1.4733357 1.7250892 1.7829159 1.8332564 1.5598150 1.5599479 1.5267153 1.5511049 1.7051366 1.5498455 1.5581619 1.5402559 1.5588236 0.0000000 0.0168504 0.5011453 0.5822425 0.3880918 0.4102164 0.5124873 0.4886494 1.5244126 0.5406454 0.4389489 0.4824584 0.5141010 3.0542633 3.0342657 3.7183018 3.3357179 
AKR4C6|CAC32835.1|Digitalis                1.9580968 1.8242980 1.6926128 1.6166252 1.6604629 1.6771392 1.6427024 1.4738021 1.7359572 1.7943717 1.8303710 1.5492779 1.5629647 1.5131053 1.5374746 1.7072330 1.5694811 1.5779733 1.5767105 1.5894323 0.0168504 0.0000000 0.5068533 0.5865070 0.3944470 0.4156501 0.5053901 0.5063284 1.5214258 0.5431309 0.4403612 0.4980000 0.5301664 3.0052987 3.0824165 3.7549047 3.3726721 
AKR4C7|ABF61890.1|Zea                      1.8213486 1.6677884 1.4426241 1.4651071 1.4723713 1.4962718 1.4881546 1.3755509 1.6246643 1.6880174 1.5129738 1.4490529 1.5047374 1.4618479 1.4828064 1.6012560 1.4072664 1.4321846 1.3958170 1.4421254 0.5011453 0.5068533 0.0000000 0.6444177 0.4164069 0.4150605 0.5538653 0.4366306 1.3727393 0.1387801 0.3517169 0.0373086 0.0516574 3.0045314 2.8695364 3.4735826 3.1264476 
AKR4C8|ABH07514.1|Arabidopsis              1.8456105 1.8218832 1.6266435 1.5260858 1.5418536 1.6118253 1.6006410 1.3332595 1.7172238 1.7189621 1.5874114 1.3357625 1.4093728 1.4010031 1.3836350 1.6659119 1.4560509 1.4574415 1.4888765 1.4684082 0.5822425 0.5865070 0.6444177 0.0000000 0.5253485 0.4898383 0.6033507 0.6002032 1.4207262 0.6565143 0.5893062 0.6316638 0.6534530 2.9058660 2.8986699 3.4686582 2.9484363 
AKR4C9|ABH07515.1|Arabidopsis              1.7792912 1.6076145 1.4365494 1.3710875 1.4096154 1.4651045 1.4343634 1.2912511 1.5271503 1.5642399 1.6112825 1.3292815 1.4485901 1.3521638 1.3669962 1.4754223 1.4206856 1.4156013 1.4525837 1.4419771 0.3880918 0.3944470 0.4164069 0.5253485 0.0000000 0.2350581 0.2842551 0.4559951 1.3849981 0.4403926 0.4365883 0.3951342 0.4289094 3.0539791 2.9689120 3.4339511 3.1040815 
AKR4C10|ABH07516.1|Arabidopsis             1.8485650 1.7286060 1.4738187 1.3956531 1.4083050 1.4040157 1.3943159 1.3222326 1.6433426 1.6710341 1.5662031 1.3698208 1.4045607 1.3752679 1.3992485 1.5246749 1.4507156 1.4744184 1.4689858 1.4840882 0.4102164 0.4156501 0.4150605 0.4898383 0.2350581 0.0000000 0.3122567 0.4461898 1.3828263 0.4203728 0.4054950 0.3972488 0.4242540 3.0047588 2.8998489 3.3411473 2.9433561 
AKR4C11|ABH07517.1|Arabidopsis             1.8539470 1.7437149 1.5513665 1.4969301 1.4752112 1.5144437 1.5030844 1.3838977 1.6323137 1.6636884 1.5996791 1.2928331 1.4157323 1.3552738 1.3700830 1.5070339 1.3914728 1.4094737 1.3918349 1.3930091 0.5124873 0.5053901 0.5538653 0.6033507 0.2842551 0.3122567 0.0000000 0.5593966 1.3519092 0.5498150 0.5323887 0.5118685 0.5459307 3.0960321 2.9701346 3.2115780 2.7566431 
AKR4C12|ABL61257.1|Aloe                    1.9096303 1.8148689 1.6262455 1.4270338 1.3710065 1.4398609 1.4031198 1.4133474 1.5715167 1.6128327 1.4645580 1.3786762 1.3427384 1.3836489 1.3136683 1.5884696 1.3449340 1.3551874 1.3227815 1.3843069 0.4886494 0.5063284 0.4366306 0.6002032 0.4559951 0.4461898 0.5593966 0.0000000 1.2767519 0.4336480 0.3924772 0.4129628 0.4388109 3.2006114 3.0327157 3.4375620 2.9771879 
AKR4C13|ADU32868.1|Zea                     1.7970117 1.6382888 1.4950824 1.6030617 1.5675576 1.6793056 1.6538630 1.6254359 1.8096342 1.7448100 1.6812766 1.7715045 1.6760817 1.7472719 1.7024281 1.6431902 0.1318145 0.1506451 0.1550919 0.5323154 1.5244126 1.5214258 1.3727393 1.4207262 1.3849981 1.3828263 1.3519092 1.2767519 0.0000000 1.3449453 1.3142951 1.3404772 1.3904417 3.5705200 3.6155552 3.1083374 2.8342367 
AKR4C14|ACS92968.1|Oryza                   1.8972983 1.6914085 1.4603189 1.4606115 1.4854493 1.5192734 1.4878507 1.4376314 1.5844754 1.6600631 1.5500744 1.4538193 1.5281653 1.4672869 1.4788037 1.5726155 1.3819757 1.4061845 1.4017697 1.4538042 0.5406454 0.5431309 0.1387801 0.6565143 0.4403926 0.4203728 0.5498150 0.4336480 1.3449453 0.0000000 0.3293411 0.1333550 0.1541381 3.0434293 2.8798639 3.4428473 2.9797746 
AKR4C15|ALN39070.1|Oryza                   1.8249782 1.7080697 1.4640781 1.4327568 1.4544506 1.4941896 1.4742506 1.4023219 1.6500738 1.6806092 1.5809865 1.3549286 1.3944692 1.3543728 1.3492595 1.6029776 1.3170824 1.3638482 1.3237763 1.3574269 0.4389489 0.4403612 0.3517169 0.5893062 0.4365883 0.4054950 0.5323887 0.3924772 1.3142951 0.3293411 0.0000000 0.3339906 0.3590839 2.9056265 2.9464376 3.4211537 3.0314396 
AKR4C16|QFG75509.1|Echinochloa             1.8003448 1.6671913 1.3987455 1.4365816 1.4303459 1.4890751 1.4809830 1.3545672 1.6539729 1.6955758 1.5357352 1.4441728 1.4985381 1.4585453 1.4692333 1.5557080 1.3778195 1.3883930 1.3664471 1.4089414 0.4824584 0.4980000 0.0373086 0.6316638 0.3951342 0.3972488 0.5118685 0.4129628 1.3404772 0.1333550 0.3339906 0.0000000 0.0237234 2.9494357 2.8360349 3.3628165 3.0494652 
AKR5C17|QFG75510.1|Echinochloa             1.7814188 1.6956490 1.4242708 1.4143492 1.4245211 1.4539513 1.4551647 1.3817122 1.6527608 1.6943382 1.5237542 1.4400829 1.5004286 1.4728424 1.4836646 1.5638071 1.4352622 1.4351104 1.4237386 1.4361539 0.5141010 0.5301664 0.0516574 0.6534530 0.4289094 0.4242540 0.5459307 0.4388109 1.3904417 0.1541381 0.3590839 0.0237234 0.0000000 2.9605513 2.8461397 3.4945921 3.1249166 
AKR6C1|AAA87294.1|Arabidopsis              3.1516697 2.9355892 2.9653129 3.2217893 3.0776341 3.1211802 3.1357551 2.9727027 3.2094041 3.2610623 3.1876888 3.3682683 3.3796167 3.5541998 3.3845153 3.1092587 3.4748484 3.6085511 3.6118743 3.5027474 3.0542633 3.0052987 3.0045314 2.9058660 3.0539791 3.0047588 3.0960321 3.2006114 3.5705200 3.0434293 2.9056265 2.9494357 2.9605513 0.0000000 0.1934672 2.3315925 2.4847838 
AKR6C2|CAA12646.1|Egeria                   3.1962150 2.8885836 2.9565924 3.1724164 3.0689688 3.0622620 3.0312244 3.0605823 3.0786218 3.1860095 3.1001747 3.2317085 3.2608970 3.4164620 3.2627570 3.0910491 3.4467209 3.5668057 3.6371978 3.3342492 3.0342657 3.0824165 2.8695364 2.8986699 2.9689120 2.8998489 2.9701346 3.0327157 3.6155552 2.8798639 2.9464376 2.8360349 2.8461397 0.1934672 0.0000000 2.3340747 2.4909076 
AKR13D1|AAX11684.1|Rauvolfia               3.1967515 2.8976618 3.1517358 3.2213242 3.1907588 3.2465576 3.2992030 3.4026468 3.4860755 3.4244012 3.2336969 4.0775514 3.9503098 3.9648280 3.9134737 3.5345467 3.1178518 3.1771325 3.1510515 3.3154082 3.7183018 3.7549047 3.4735826 3.4686582 3.4339511 3.3411473 3.2115780 3.4375620 3.1083374 3.4428473 3.4211537 3.3628165 3.4945921 2.3315925 2.3340747 0.0000000 0.5324465 
AKR13D2|Gh_A08G1908|NBI-AD1_v1.1|Gossypium 3.0689196 2.8459627 3.0335752 2.8729459 2.8946864 2.9174454 2.9554583 3.0307998 3.3172860 3.2655800 2.7958175 3.3858761 3.3423042 3.4713993 3.3682769 3.1760207 2.7462893 2.9163602 2.7912553 2.8516636 3.3357179 3.3726721 3.1264476 2.9484363 3.1040815 2.9433561 2.7566431 2.9771879 2.8342367 2.9797746 3.0314396 3.0494652 3.1249166 2.4847838 2.4909076 0.5324465 0.0000000 
