37
AKR2A1|P28475.1|Malus           0.0000000 0.5406385 0.4737245 1.6398347 1.6537483 1.6358389 1.6299717 1.6222255 1.5638555 1.6484901 1.6586298 1.6727122 1.7125612 1.6752551 1.6927228 1.5768220 1.6890626 1.6672779 1.7266962 1.6607326 1.9373383 1.9603328 1.8233450 1.8476224 1.7812484 1.8506193 1.8559963 1.9118295 1.7988699 1.8994549 1.8270315 1.8023162 1.7833473 3.1565871 3.2010945 3.2017042 3.0733954 
AKR2A2|AAB97617.1|Apium         0.5406385 0.0000000 0.4161066 1.6111622 1.5533978 1.6172322 1.6064898 1.6482475 1.6233637 1.7195523 1.7985876 1.8483396 1.8913980 1.8662187 1.8844608 1.7542363 1.5534204 1.5029395 1.6108447 1.5693045 1.8273794 1.8262780 1.6695921 1.8238834 1.6092615 1.7304771 1.7455577 1.8169116 1.6398413 1.6932467 1.7099419 1.6689687 1.6974591 2.9401479 2.8928802 2.9017797 2.8498110 
AKR2A3|QLF98851.1|Oryza         0.4737245 0.4161066 0.0000000 1.7332813 1.7830786 1.8991840 1.8311987 1.6020214 1.5958965 1.6768709 1.6296616 1.7236966 1.7565789 1.7398396 1.7439294 1.6416312 1.4476285 1.4408834 1.5418808 1.5967149 1.6989773 1.6942668 1.4439780 1.6282450 1.4378822 1.4752070 1.5528342 1.6278942 1.4964307 1.4617051 1.4654651 1.4000321 1.4255842 2.9696006 2.9607541 3.1563393 3.0376464 
AKR4A1|P26690.1|Glycine         1.6398347 1.6111622 1.7332813 0.0000000 0.1926329 0.1502408 0.1503561 0.9984275 0.8338721 0.8852798 0.9500345 0.8835868 0.9393057 0.9044753 0.8790811 0.9519179 1.5926319 1.5669488 1.6534575 1.5996565 1.6299599 1.6183401 1.4665671 1.5276903 1.3724163 1.3970426 1.4984112 1.4284777 1.6046307 1.4621031 1.4342016 1.4380128 1.4157425 3.2268766 3.1772146 3.2264514 2.8771323 
AKR4A2|Q40333|Medicago          1.6537483 1.5533978 1.7830786 0.1926329 0.0000000 0.1461109 0.1493417 1.0426510 0.8921404 0.9215499 1.0112277 0.9882605 1.0397729 0.9645938 0.9410662 0.9469062 1.6118717 1.5670524 1.6659117 1.6713524 1.6644657 1.6622115 1.4738324 1.5434495 1.4109879 1.4097105 1.4766255 1.3723616 1.5690624 1.4869757 1.4559282 1.4317613 1.4259201 3.0823510 3.0734866 3.1956651 2.8988691 
AKR4A3|BAA12084.1|Glycyrrhiza   1.6358389 1.6172322 1.8991840 0.1502408 0.1461109 0.0000000 0.0227111 1.0301861 0.9010392 0.9553057 1.0393612 0.9369448 0.9988233 0.9380079 0.9218168 0.9421040 1.7310176 1.6424313 1.7427638 1.6731668 1.6811030 1.6789429 1.4977710 1.6135438 1.4665691 1.4054313 1.5159432 1.4413292 1.6809997 1.5208498 1.4957446 1.4905863 1.4554041 3.1260056 3.0667625 3.2516340 2.9217100 
AKR4A4|BAA13113.1|Glycyrrhiza   1.6299717 1.6064898 1.8311987 0.1503561 0.1493417 0.0227111 0.0000000 1.0318176 0.9157275 0.9702960 1.0631762 0.9273974 0.9834147 0.9148033 0.8988464 0.9688153 1.7029268 1.6153955 1.7144765 1.6573009 1.6468336 1.6444550 1.4896405 1.6023397 1.4357835 1.3957134 1.5045600 1.4045340 1.6555153 1.4893817 1.4757770 1.4824804 1.4566134 3.1405765 3.0355878 3.3043784 2.9598410 
AKR4B1|CAA11226.1|Sesbania      1.6222255 1.6482475 1.6020214 0.9984275 1.0426510 1.0301861 1.0318176 0.0000000 1.0127427 1.0200552 1.0213785 0.8865535 0.9067572 0.8850126 0.8822390 0.6861742 1.6104606 1.6014528 1.6469372 1.6290514 1.4748031 1.4752793 1.3767735 1.3345726 1.2924364 1.3234731 1.3852143 1.4147184 1.6270475 1.4389749 1.4036510 1.3557704 1.3829605 2.9769478 3.0652081 3.4086373 3.0354948 
AKR4B2|AAF13739.1|Papaver       1.5638555 1.6233637 1.5958965 0.8338721 0.8921404 0.9010392 0.9157275 1.0127427 0.0000000 0.0419492 0.9538573 0.8903598 0.9149934 0.8709305 0.8610463 0.9718147 1.8065259 1.8364795 1.8963920 1.7708757 1.7269365 1.7378216 1.6263595 1.7191488 1.5287651 1.6451485 1.6340218 1.5731721 1.8115483 1.5861139 1.6518794 1.6557116 1.6545041 3.2143778 3.0832592 3.4919609 3.3223237 
AKR4B3|AAF13736.1|Papaver       1.6484901 1.7195523 1.6768709 0.8852798 0.9215499 0.9553057 0.9702960 1.0200552 0.0419492 0.0000000 1.0023690 0.9376214 0.9320226 0.9104714 0.9006775 1.0030951 1.7890788 1.8117435 1.8396207 1.7989219 1.7848702 1.7963433 1.6898157 1.7208933 1.5659069 1.6728847 1.6654466 1.6145516 1.7466313 1.6618196 1.6824735 1.6973859 1.6961522 3.2662451 3.1909844 3.4302210 3.2705883 
AKR4B4|AAB97005.1|Fragaria      1.6586298 1.7985876 1.6296616 0.9500345 1.0112277 1.0393612 1.0631762 1.0213785 0.9538573 1.0023690 0.0000000 1.0119546 1.0619940 1.1164119 1.0853136 1.1018484 1.6470139 1.7019204 1.7058489 1.6066360 1.8353287 1.8324363 1.5145376 1.5892173 1.6130084 1.5678346 1.6013671 1.4661014 1.6829982 1.5517262 1.5827470 1.5373366 1.5253589 3.1924978 3.1046072 3.2386661 2.7996401 
AKR4B5|BAF03164.1|Zea           1.6727122 1.8483396 1.7236966 0.8835868 0.9882605 0.9369448 0.9273974 0.8865535 0.8903598 0.9376214 1.0119546 0.0000000 0.2462325 0.2235305 0.2187325 0.9633877 1.7442007 1.7226530 1.7725965 1.6791836 1.5613468 1.5508053 1.4504188 1.3370060 1.3304697 1.3710742 1.2939305 1.3799427 1.7732743 1.4552249 1.3562217 1.4455351 1.4414467 3.3735653 3.2365623 4.0849646 3.3912376 
AKR4B6|BAF03161.1|Oryza         1.7125612 1.8913980 1.7565789 0.9393057 1.0397729 0.9988233 0.9834147 0.9067572 0.9149934 0.9320226 1.0619940 0.2462325 0.0000000 0.1816816 0.1742704 0.9677651 1.6646943 1.6345170 1.7009628 1.6818030 1.5615495 1.5645840 1.5062372 1.4107847 1.4499729 1.4058845 1.4170179 1.3440299 1.6777271 1.5297418 1.3958413 1.5000424 1.5019428 3.3849572 3.2660817 3.9573463 3.3474730 
AKR4B7|BAF03162.1|Hordeum       1.6752551 1.8662187 1.7398396 0.9044753 0.9645938 0.9380079 0.9148033 0.8850126 0.8709305 0.9104714 1.1164119 0.2235305 0.1816816 0.0000000 0.0267363 0.9417307 1.7381795 1.7155285 1.7806434 1.7249308 1.5282267 1.5146026 1.4632711 1.4023732 1.3533831 1.3765526 1.3564653 1.3849743 1.7489520 1.4687450 1.3556749 1.4599663 1.4742891 3.5599827 3.4217488 3.9720119 3.4770959 
AKR4B8|BAF03163.1|Triticum      1.6927228 1.8844608 1.7439294 0.8790811 0.9410662 0.9218168 0.8988464 0.8822390 0.8610463 0.9006775 1.0853136 0.2187325 0.1742704 0.0267363 0.0000000 0.9029936 1.7041060 1.6706136 1.7458716 1.6920245 1.5526678 1.5390221 1.4842674 1.3849686 1.3682478 1.4005783 1.3713063 1.3148971 1.7040675 1.4802931 1.3505436 1.4706868 1.4851445 3.3898800 3.2677037 3.9205100 3.3737346 
AKR4B10|ADK94763.1|Erythroxylum 1.5768220 1.7542363 1.6416312 0.9519179 0.9469062 0.9421040 0.9688153 0.6861742 0.9718147 1.0030951 1.1018484 0.9633877 0.9677651 0.9417307 0.9029936 0.0000000 1.6707819 1.6487330 1.7403711 1.6980038 1.7069397 1.7090423 1.6028815 1.6678099 1.4769001 1.5262663 1.5084981 1.5901534 1.6448634 1.5742012 1.6046090 1.5572793 1.5653966 3.1138289 3.0955718 3.5401627 3.1807447 
AKR4C1|P23901.1|Hordeum         1.6890626 1.5534204 1.4476285 1.5926319 1.6118717 1.7310176 1.7029268 1.6104606 1.8065259 1.7890788 1.6470139 1.7442007 1.6646943 1.7381795 1.7041060 1.6707819 0.0000000 0.0835137 0.0703461 0.4917534 1.5512822 1.5709510 1.4085206 1.4574146 1.4219503 1.4520215 1.3926596 1.3461373 0.1318288 1.3832081 1.3182803 1.3790187 1.4365442 3.4806057 3.4523655 3.1226661 2.7501631 
AKR4C2|AAA21751.1|Bromus        1.6672779 1.5029395 1.4408834 1.5669488 1.5670524 1.6424313 1.6153955 1.6014528 1.8364795 1.8117435 1.7019204 1.7226530 1.6345170 1.7155285 1.6706136 1.6487330 0.0835137 0.0000000 0.1018649 0.5154256 1.5595987 1.5794436 1.4334724 1.4587936 1.4168530 1.4757434 1.4106816 1.3564145 0.1506666 1.4074701 1.3650955 1.3896161 1.4363936 3.6146999 3.5728164 3.1821560 2.9206485 
AKR4C3|Q43320|Avena             1.7266962 1.6108447 1.5418808 1.6534575 1.6659117 1.7427638 1.7144765 1.6469372 1.8963920 1.8396207 1.7058489 1.7725965 1.7009628 1.7806434 1.7458716 1.7403711 0.0703461 0.1018649 0.0000000 0.5095640 1.5416978 1.5782001 1.3970530 1.4903092 1.4539087 1.4703294 1.3930435 1.3239896 0.1551115 1.4030460 1.3250034 1.3676292 1.4250016 3.6179183 3.6433763 3.1559452 2.7952511 
AKR4C4|AAD22264.1|Xerophyta     1.6607326 1.5693045 1.5967149 1.5996565 1.6713524 1.6731668 1.6573009 1.6290514 1.7708757 1.7989219 1.6066360 1.6791836 1.6818030 1.7249308 1.6920245 1.6980038 0.4917534 0.5154256 0.5095640 0.0000000 1.5602916 1.5909371 1.4434220 1.4697753 1.4433010 1.4854880 1.3942558 1.3855715 0.5325523 1.4551268 1.3586756 1.4101945 1.4374310 3.5083368 3.3391811 3.3206242 2.8555588 
AKR4C5|CAC32834.1|Digitalis     1.9373383 1.8273794 1.6989773 1.6299599 1.6644657 1.6811030 1.6468336 1.4748031 1.7269365 1.7848702 1.8353287 1.5613468 1.5615495 1.5282267 1.5526678 1.7069397 1.5512822 1.5595987 1.5416978 1.5602916 0.0000000 0.0168509 0.5013967 0.5826299 0.3882561 0.4104093 0.5127702 0.4888841 1.5258191 0.5409398 0.4391608 0.4826977 0.5143698 3.0588681 3.0387045 3.7247129 3.3406517 
AKR4C6|CAC32835.1|Digitalis     1.9603328 1.8262780 1.6942668 1.6183401 1.6622115 1.6789429 1.6444550 1.4752793 1.7378216 1.7963433 1.8324363 1.5508053 1.5645840 1.5146026 1.5390221 1.7090423 1.5709510 1.5794436 1.5782001 1.5909371 0.0168509 0.0000000 0.5071150 0.5869022 0.3946149 0.4158503 0.5056754 0.5065788 1.5228369 0.5434370 0.4405826 0.4982517 0.5304488 3.0098003 3.0869394 3.7612465 3.3776111 
AKR4C7|ABF61890.1|Zea           1.8233450 1.6695921 1.4439780 1.4665671 1.4738324 1.4977710 1.4896405 1.3767735 1.6263595 1.6898157 1.5145376 1.4504188 1.5062372 1.4632711 1.4842674 1.6028815 1.4085206 1.4334724 1.3970530 1.4434220 0.5013967 0.5071150 0.0000000 0.6448051 0.4165807 0.4152254 0.5541821 0.4368018 1.3739353 0.1387945 0.3518427 0.0373095 0.0516598 3.0088900 2.8734634 3.4790800 3.1309802 
AKR4C8|ABH07514.1|Arabidopsis   1.8476224 1.8238834 1.6282450 1.5276903 1.5434495 1.6135438 1.6023397 1.3345726 1.7191488 1.7208933 1.5892173 1.3370060 1.4107847 1.4023732 1.3849686 1.6678099 1.4574146 1.4587936 1.4903092 1.4697753 0.5826299 0.5869022 0.6448051 0.0000000 0.5256373 0.4901103 0.6037265 0.6005381 1.4220221 0.6569410 0.5896620 0.6320427 0.6538543 2.9100836 2.9027218 3.4742954 2.9525214 
AKR4C9|ABH07515.1|Arabidopsis   1.7812484 1.6092615 1.4378822 1.3724163 1.4109879 1.4665691 1.4357835 1.2924364 1.5287651 1.5659069 1.6130084 1.3304697 1.4499729 1.3533831 1.3682478 1.4769001 1.4219503 1.4168530 1.4539087 1.4433010 0.3882561 0.3946149 0.4165807 0.5256373 0.0000000 0.2351212 0.2843394 0.4562012 1.3861847 0.4405838 0.4367791 0.3952897 0.4290905 3.0585211 2.9731251 3.4395347 3.1086481 
AKR4C10|ABH07516.1|Arabidopsis  1.8506193 1.7304771 1.4752070 1.3970426 1.4097105 1.4054313 1.3957134 1.3234731 1.6451485 1.6728847 1.5678346 1.3710742 1.4058845 1.3765526 1.4005783 1.5262663 1.4520215 1.4757434 1.4703294 1.4854880 0.4104093 0.4158503 0.4152254 0.4901103 0.2351212 0.0000000 0.3123558 0.4464004 1.3840311 0.4205512 0.4056780 0.3973952 0.4244219 3.0092106 2.9039190 3.3463538 2.9474475 
AKR4C11|ABH07517.1|Arabidopsis  1.8559963 1.7455577 1.5528342 1.4984112 1.4766255 1.5159432 1.5045600 1.3852143 1.6340218 1.6654466 1.6013671 1.2939305 1.4170179 1.3564653 1.3713063 1.5084981 1.3926596 1.4106816 1.3930435 1.3942558 0.5127702 0.5056754 0.5541821 0.6037265 0.2843394 0.3123558 0.0000000 0.5597046 1.3530219 0.5501258 0.5326981 0.5121521 0.5462472 3.1005486 2.9743315 3.2164016 2.7603014 
AKR4C12|ABL61257.1|Aloe         1.9118295 1.8169116 1.6278942 1.4284777 1.3723616 1.4413292 1.4045340 1.4147184 1.5731721 1.6145516 1.4661014 1.3799427 1.3440299 1.3849743 1.3148971 1.5901534 1.3461373 1.3564145 1.3239896 1.3855715 0.4888841 0.5065788 0.4368018 0.6005381 0.4562012 0.4464004 0.5597046 0.0000000 1.2778671 0.4338177 0.3926196 0.4131216 0.4389881 3.2056371 3.0372894 3.4430803 2.9814475 
AKR4C13|ADU32868.1|Zea          1.7988699 1.6398413 1.4964307 1.6046307 1.5690624 1.6809997 1.6555153 1.6270475 1.8115483 1.7466313 1.6829982 1.7732743 1.6777271 1.7489520 1.7040675 1.6448634 0.1318288 0.1506666 0.1551115 0.5325523 1.5258191 1.5228369 1.3739353 1.4220221 1.3861847 1.3840311 1.3530219 1.2778671 0.0000000 1.3461340 1.3154750 1.3416271 1.3916634 3.5763360 3.6214350 3.1130612 2.8382597 
AKR4C14|ACS92968.1|Oryza        1.8994549 1.6932467 1.4617051 1.4621031 1.4869757 1.5208498 1.4893817 1.4389749 1.5861139 1.6618196 1.5517262 1.4552249 1.5297418 1.4687450 1.4802931 1.5742012 1.3832081 1.4074701 1.4030460 1.4551268 0.5409398 0.5434370 0.1387945 0.6569410 0.4405838 0.4205512 0.5501258 0.4338177 1.3461340 0.0000000 0.3294488 0.1333669 0.1541552 3.0479663 2.8838496 3.4484121 2.9840636 
AKR4C15|ALN39070.1|Oryza        1.8270315 1.7099419 1.4654651 1.4342016 1.4559282 1.4957446 1.4757770 1.4036510 1.6518794 1.6824735 1.5827470 1.3562217 1.3958413 1.3556749 1.3505436 1.6046090 1.3182803 1.3650955 1.3250034 1.3586756 0.4391608 0.4405826 0.3518427 0.5896620 0.4367791 0.4056780 0.5326981 0.3926196 1.3154750 0.3294488 0.0000000 0.3341065 0.3592176 2.9097608 2.9506919 3.4266777 3.0356508 
AKR4C16|QFG75509.1|Echinochloa  1.8023162 1.6689687 1.4000321 1.4380128 1.4317613 1.4905863 1.4824804 1.3557704 1.6557116 1.6973859 1.5373366 1.4455351 1.5000424 1.4599663 1.4706868 1.5572793 1.3790187 1.3896161 1.3676292 1.4101945 0.4826977 0.4982517 0.0373095 0.6320427 0.3952897 0.3973952 0.5121521 0.4131216 1.3416271 0.1333669 0.3341065 0.0000000 0.0237241 2.9535982 2.8399153 3.3679759 3.0537659 
AKR5C17|QFG75510.1|Echinochloa  1.7833473 1.6974591 1.4255842 1.4157425 1.4259201 1.4554041 1.4566134 1.3829605 1.6545041 1.6961522 1.5253589 1.4414467 1.5019428 1.4742891 1.4851445 1.5653966 1.4365442 1.4363936 1.4250016 1.4374310 0.5143698 0.5304488 0.0516598 0.6538543 0.4290905 0.4244219 0.5462472 0.4389881 1.3916634 0.1541552 0.3592176 0.0237241 0.0000000 2.9647374 2.8500426 3.5001352 3.1294086 
AKR6C1|AAA87294.1|Arabidopsis   3.1565871 2.9401479 2.9696006 3.2268766 3.0823510 3.1260056 3.1405765 2.9769478 3.2143778 3.2662451 3.1924978 3.3735653 3.3849572 3.5599827 3.3898800 3.1138289 3.4806057 3.6146999 3.6179183 3.5083368 3.0588681 3.0098003 3.0088900 2.9100836 3.0585211 3.0092106 3.1005486 3.2056371 3.5763360 3.0479663 2.9097608 2.9535982 2.9647374 0.0000000 0.1935003 2.3345285 2.4878176 
AKR6C2|CAA12646.1|Egeria        3.2010945 2.8928802 2.9607541 3.1772146 3.0734866 3.0667625 3.0355878 3.0652081 3.0832592 3.1909844 3.1046072 3.2365623 3.2660817 3.4217488 3.2677037 3.0955718 3.4523655 3.5728164 3.6433763 3.3391811 3.0387045 3.0869394 2.8734634 2.9027218 2.9731251 2.9039190 2.9743315 3.0372894 3.6214350 2.8838496 2.9506919 2.8399153 2.8500426 0.1935003 0.0000000 2.3369071 2.4939460 
AKR13D1|AAX11684.1|Rauvolfia    3.2017042 2.9017797 3.1563393 3.2264514 3.1956651 3.2516340 3.3043784 3.4086373 3.4919609 3.4302210 3.2386661 4.0849646 3.9573463 3.9720119 3.9205100 3.5401627 3.1226661 3.1821560 3.1559452 3.3206242 3.7247129 3.7612465 3.4790800 3.4742954 3.4395347 3.3463538 3.2164016 3.4430803 3.1130612 3.4484121 3.4266777 3.3679759 3.5001352 2.3345285 2.3369071 0.0000000 0.5326925 
AKR13D2|Gh_A08G1908|Gossypium   3.0733954 2.8498110 3.0376464 2.8771323 2.8988691 2.9217100 2.9598410 3.0354948 3.3223237 3.2705883 2.7996401 3.3912376 3.3474730 3.4770959 3.3737346 3.1807447 2.7501631 2.9206485 2.7952511 2.8555588 3.3406517 3.3776111 3.1309802 2.9525214 3.1086481 2.9474475 2.7603014 2.9814475 2.8382597 2.9840636 3.0356508 3.0537659 3.1294086 2.4878176 2.4939460 0.5326925 0.0000000 
