39
AKR1A3|P51635.2|Rattus          0.0000000 0.0287165 0.9658313 0.9605268 0.9878933 0.9682393 1.0167747 0.9753236 1.0049648 1.0568674 1.2860386 1.4075985 1.4569456 1.3448298 1.2856839 1.4557972 1.2996617 1.3249853 1.3831215 1.3477093 1.3343199 1.2854880 1.3757105 1.2789432 1.3894177 1.2981960 1.3324620 1.1571835 4.9700130 1.0744891 3.1328043 3.2121092 3.1183842 3.2966614 3.1183842 3.3477222 3.4179799 3.5154768 3.7493766 
AKR1A4|NP_067448.1|Mus          0.0287165 0.0000000 0.9669744 0.9653417 0.9878402 0.9521424 1.0025528 0.9591073 0.9884378 1.0394803 1.2593622 1.3901706 1.4201497 1.3473777 1.2905610 1.4347042 1.2823733 1.3040515 1.3616435 1.3279421 1.3136253 1.2714972 1.3482156 1.2837732 1.3899566 1.2965337 1.3300133 1.1646073 5.0957584 1.0824191 3.0568910 3.1332210 3.1160421 3.2539868 3.1160421 3.3040944 3.4088775 3.5173221 3.7514032 
AKR1B3|P45376.3|Mus             0.9658313 0.9669744 0.0000000 0.0324625 0.4396835 0.4494592 0.4294842 0.4358587 0.4820917 0.4503158 0.9780583 1.1252742 1.1363151 1.0929208 1.1148237 1.1240763 0.9911639 1.0942959 1.1633225 1.1115048 1.0879018 0.9563455 1.1645538 1.1211074 1.0890806 1.1554569 1.1359532 0.9573206 4.6596807 0.6420053 3.0715946 3.1537350 3.0015206 3.1530637 3.0015206 3.1726280 4.0759738 4.1341674 4.3809384 
AKR1B4|NP_036630.1|Rattus       0.9605268 0.9653417 0.0324625 0.0000000 0.4391525 0.4429801 0.4106948 0.4284991 0.4770558 0.4454527 0.9914210 1.1326962 1.1543793 1.0997308 1.1216851 1.1428554 0.9889846 1.0987822 1.1678862 1.1225544 1.0904144 0.9704108 1.1787141 1.1279734 1.0975846 1.1689582 1.1467075 0.9419912 4.7082530 0.6412257 3.1349067 3.2196420 3.0643806 3.1950261 3.0643806 3.2149013 4.1290677 4.1562342 4.4381944 
AKR1B7|P21300.4|Mus             0.9878933 0.9878402 0.4396835 0.4391525 0.0000000 0.2160714 0.2569277 0.2183394 0.1485467 0.1658743 1.1370857 1.2147447 1.2187103 1.1917835 1.1895271 1.2717535 1.0980355 1.1269286 1.1942706 1.2205898 1.1687630 1.1316775 1.2895386 1.1959477 1.1936449 1.2151003 1.1353007 1.0200829 5.3003784 0.6501950 3.4747035 3.5739578 3.3071983 3.3171777 3.3071983 3.3383997 4.3837695 4.3102082 4.6174510 
AKR1B8|NP_032038.1|Mus          0.9682393 0.9521424 0.4494592 0.4429801 0.2160714 0.0000000 0.0851377 0.0579061 0.2041161 0.1937411 1.1825386 1.2508889 1.2546160 1.1636935 1.1520593 1.2597627 1.1037478 1.1396726 1.2225202 1.2553292 1.1445101 1.1151133 1.2604671 1.1583497 1.1823989 1.2138408 1.1243836 1.0132193 5.2148732 0.6779909 3.1823570 3.2690148 3.1403035 3.2452749 3.1403035 3.2671024 4.4111664 4.4122502 4.6994929 
AKR1B9|AAC53199.1|Cricetulus    1.0167747 1.0025528 0.4294842 0.4106948 0.2569277 0.0851377 0.0000000 0.0962090 0.2403117 0.2368958 1.1378625 1.1993123 1.1842061 1.1192691 1.1040261 1.1862368 1.0462344 1.1000307 1.1704487 1.2139161 1.1674456 1.0514918 1.2013809 1.1101827 1.1498067 1.1824741 1.1081143 0.9744734 4.7578833 0.7038856 3.2031746 3.2902976 3.0562053 3.1561094 3.0562053 3.2158216 4.4208647 4.4108413 4.7210029 
AKR1B13|CAC80649.1|Rattus       0.9753236 0.9591073 0.4358587 0.4284991 0.2183394 0.0579061 0.0962090 0.0000000 0.2095585 0.1965629 1.1932421 1.2092504 1.2718609 1.1741021 1.1449608 1.2938348 1.1301184 1.1324837 1.2363890 1.2217137 1.1381960 1.1126288 1.2698354 1.1512655 1.1877856 1.2024416 1.1394851 0.9967238 5.1375971 0.6975927 3.1457413 3.2314052 3.1065873 3.2183389 3.1065873 3.2384200 4.5483083 4.5282753 4.8063688 
AKR1B14|NP_446233.2|Rattus      1.0049648 0.9884378 0.4820917 0.4770558 0.1485467 0.2041161 0.2403117 0.2095585 0.0000000 0.1353571 1.1113500 1.2465679 1.1756440 1.1640898 1.1576068 1.2132056 1.0874290 1.1270399 1.1706821 1.2423960 1.1587016 1.1312138 1.2170646 1.1638920 1.1685131 1.1898319 1.1498371 1.0167807 5.2781544 0.6914038 3.1823052 3.2686045 3.1170846 3.1835886 3.1170846 3.2792226 4.4194724 4.3287758 4.6755130 
AKR1B18|NP_001013102.1|Rattus   1.0568674 1.0394803 0.4503158 0.4454527 0.1658743 0.1937411 0.2368958 0.1965629 0.1353571 0.0000000 1.1115068 1.2072118 1.1811773 1.1882546 1.1745481 1.2276675 1.1222550 1.1198682 1.1690118 1.1932504 1.1799086 1.1132493 1.2395606 1.1809675 1.1910650 1.2481664 1.1729572 1.0415135 5.5978540 0.6965478 3.3989531 3.4945208 3.2980462 3.4376980 3.2980462 3.4649322 4.6274978 4.5474690 4.9958526 
AKR1C6|NP_085114.1|Mus          1.2860386 1.2593622 0.9780583 0.9914210 1.1370857 1.1825386 1.1378625 1.1932421 1.1113500 1.1115068 0.0000000 0.4141902 0.3832673 0.4821738 0.5040221 0.3766067 0.3977685 0.4995210 0.4869542 0.3771396 0.4218354 0.1348378 0.3164361 0.5034206 0.4834499 0.4922220 0.4603956 0.7360971 3.8574398 1.0135002 3.0862829 3.1853950 3.1543509 3.1032168 3.1543509 3.1229438 3.5485076 3.3123149 3.4949987 
AKR1C8|P51652.1|Rattus          1.4075985 1.3901706 1.1252742 1.1326962 1.2147447 1.2508889 1.1993123 1.2092504 1.2465679 1.2072118 0.4141902 0.0000000 0.4848955 0.5199274 0.5498097 0.4602111 0.5689872 0.5456070 0.5512620 0.0630624 0.4977921 0.4393603 0.4574558 0.5492099 0.5289997 0.5336818 0.5230378 0.8554457 3.9952788 1.0991226 3.2611545 3.3689066 3.2061269 3.3505321 3.2061269 3.3694132 3.7116746 3.6581024 3.7550945 
AKR1C9|P23457.1|Rattus          1.4569456 1.4201497 1.1363151 1.1543793 1.2187103 1.2546160 1.1842061 1.2718609 1.1756440 1.1811773 0.3832673 0.4848955 0.0000000 0.5337031 0.5563265 0.1418147 0.5473818 0.5235702 0.5478230 0.4542600 0.4981353 0.4327907 0.4630841 0.5557122 0.5563562 0.5530833 0.5108021 0.8912147 4.6981672 1.1703692 3.1018036 3.1999852 3.2366636 3.2469503 3.2366636 3.3325988 4.1487903 3.9503123 4.1716921 
AKR1C12|NP_038805.2|Mus         1.3448298 1.3473777 1.0929208 1.0997308 1.1917835 1.1636935 1.1192691 1.1741021 1.1640898 1.1882546 0.4821738 0.5199274 0.5337031 0.0000000 0.0662125 0.5433397 0.5743840 0.1257127 0.1646603 0.4869324 0.3585324 0.5465847 0.5346123 0.0697065 0.0993415 0.1679623 0.1828281 0.9756176 4.2387429 1.0922341 3.0490274 3.1464270 3.2673238 3.2503258 3.2673238 3.2804529 3.6894954 3.5322755 3.6507338 
AKR1C13|NP_038806.2|Mus         1.2856839 1.2905610 1.1148237 1.1216851 1.1895271 1.1520593 1.1040261 1.1449608 1.1576068 1.1745481 0.5040221 0.5498097 0.5563265 0.0662125 0.0000000 0.5614813 0.5798719 0.1027418 0.1563748 0.4930857 0.3650280 0.5339661 0.5234363 0.0031753 0.1393334 0.1641168 0.1744116 0.9874080 4.3292815 1.1132231 3.1925243 3.2962548 3.4261017 3.3488187 3.4261017 3.3801893 3.9615946 3.7520131 3.9030833 
AKR1C14|NP_598833.1|Mus         1.4557972 1.4347042 1.1240763 1.1428554 1.2717535 1.2597627 1.1862368 1.2938348 1.2132056 1.2276675 0.3766067 0.4602111 0.1418147 0.5433397 0.5614813 0.0000000 0.5866980 0.5313832 0.5439567 0.4241377 0.4745973 0.4166578 0.4274157 0.5608698 0.5638807 0.5531785 0.5287914 0.9098716 4.3483774 1.1627547 3.1983131 3.3008879 3.2067077 3.2227497 3.2067077 3.3185692 3.9743817 3.8163595 4.0030735 
AKR1C15|2008147B|Rattus         1.2996617 1.2823733 0.9911639 0.9889846 1.0980355 1.1037478 1.0462344 1.1301184 1.0874290 1.1222550 0.3977685 0.5689872 0.5473818 0.5743840 0.5798719 0.5866980 0.0000000 0.5779820 0.5780961 0.5386338 0.5733735 0.4336157 0.5424815 0.5792578 0.5864628 0.6239918 0.6261606 0.8157293 4.2994078 1.0989508 2.7848812 2.8927974 2.9038535 2.9965787 2.9038535 3.0453131 3.7365605 3.5092874 3.7130398 
AKR1C16|2008147A|Rattus         1.3249853 1.3040515 1.0942959 1.0987822 1.1269286 1.1396726 1.1000307 1.1324837 1.1270399 1.1198682 0.4995210 0.5456070 0.5235702 0.1257127 0.1027418 0.5313832 0.5779820 0.0000000 0.0806944 0.4926720 0.3686104 0.5329943 0.5377735 0.1063111 0.1057487 0.1670340 0.1794042 0.9841037 4.4054948 1.1195298 3.2915461 3.4014799 3.3967165 3.4107012 3.3967165 3.4413842 3.8578059 3.7799466 3.9873309 
AKR1C17|2008147C|Rattus         1.3831215 1.3616435 1.1633225 1.1678862 1.1942706 1.2225202 1.1704487 1.2363890 1.1706821 1.1690118 0.4869542 0.5512620 0.5478230 0.1646603 0.1563748 0.5439567 0.5780961 0.0806944 0.0000000 0.5032994 0.4089310 0.5125009 0.5151030 0.1600556 0.1329392 0.2133202 0.2064610 1.0471509 4.3407460 1.1650137 3.1502052 3.2527312 3.2725883 3.2428674 3.2725883 3.2760210 3.9757737 3.7737843 3.9115316 
AKR1C18|NP_001333464.1|Mus      1.3477093 1.3279421 1.1115048 1.1225544 1.2205898 1.2553292 1.2139161 1.2217137 1.2423960 1.1932504 0.3771396 0.0630624 0.4542600 0.4869324 0.4930857 0.4241377 0.5386338 0.4926720 0.5032994 0.0000000 0.4875742 0.3975541 0.3996229 0.4924341 0.4838445 0.4959970 0.4760902 0.8125723 3.8943053 1.0967676 3.3077263 3.4208758 3.2859109 3.3723454 3.2859109 3.4026899 3.9233251 3.8224115 3.9746661 
AKR1C19|NP_001013807.2|Mus      1.3343199 1.3136253 1.0879018 1.0904144 1.1687630 1.1445101 1.1674456 1.1381960 1.1587016 1.1799086 0.4218354 0.4977921 0.4981353 0.3585324 0.3650280 0.4745973 0.5733735 0.3686104 0.4089310 0.4875742 0.0000000 0.4347027 0.4550709 0.3658060 0.3780708 0.3984295 0.3876609 0.8615721 4.3642204 1.0959089 2.9142674 3.0056428 3.0785230 3.1587990 3.0785230 3.1804862 3.5026251 3.2850566 3.4261136 
AKR1C20|NP_473421.1|Mus         1.2854880 1.2714972 0.9563455 0.9704108 1.1316775 1.1151133 1.0514918 1.1126288 1.1312138 1.1132493 0.1348378 0.4393603 0.4327907 0.5465847 0.5339661 0.4166578 0.4336157 0.5329943 0.5125009 0.3975541 0.4347027 0.0000000 0.3773789 0.5311086 0.5547393 0.5455916 0.5119729 0.7805517 3.6320631 1.0251105 3.2075259 3.3375140 3.3579259 3.3751289 3.3579259 3.3826607 4.0534812 3.8086524 4.1083094 
AKR1C21|NP_084177.2|Mus         1.3757105 1.3482156 1.1645538 1.1787141 1.2895386 1.2604671 1.2013809 1.2698354 1.2170646 1.2395606 0.3164361 0.4574558 0.4630841 0.5346123 0.5234363 0.4274157 0.5424815 0.5377735 0.5151030 0.3996229 0.4550709 0.3773789 0.0000000 0.5228314 0.5276850 0.5285338 0.5172117 0.8022224 4.0454031 1.1555376 2.9058563 2.9963505 2.8856896 2.8658999 2.8856896 2.8811340 3.8138709 3.6307902 3.8007357 
AKR1C22|BAD02825.1|Mus          1.2789432 1.2837732 1.1211074 1.1279734 1.1959477 1.1583497 1.1101827 1.1512655 1.1638920 1.1809675 0.5034206 0.5492099 0.5557122 0.0697065 0.0031753 0.5608698 0.5792578 0.1063111 0.1600556 0.4924341 0.3658060 0.5311086 0.5228314 0.0000000 0.1429408 0.1678010 0.1781233 0.9869303 4.3382988 1.1067300 3.2064184 3.3104138 3.4406412 3.3634990 3.4406412 3.3949291 3.9774511 3.7676119 3.9187626 
AKR1C24|BAE75957.1|Rattus       1.3894177 1.3899566 1.0890806 1.0975846 1.1936449 1.1823989 1.1498067 1.1877856 1.1685131 1.1910650 0.4834499 0.5289997 0.5563562 0.0993415 0.1393334 0.5638807 0.5864628 0.1057487 0.1329392 0.4838445 0.3780708 0.5547393 0.5276850 0.1429408 0.0000000 0.1863144 0.1963869 1.0132676 4.2379129 1.1344004 3.1811335 3.2851973 3.3586323 3.3267944 3.3586323 3.3572880 3.8624469 3.5642843 3.8556219 
AKR1C34|BAP76082.1|Mesocricetus 1.2981960 1.2965337 1.1554569 1.1689582 1.2151003 1.2138408 1.1824741 1.2024416 1.1898319 1.2481664 0.4922220 0.5336818 0.5530833 0.1679623 0.1641168 0.5531785 0.6239918 0.1670340 0.2133202 0.4959970 0.3984295 0.5455916 0.5285338 0.1678010 0.1863144 0.0000000 0.1334508 0.9793505 3.9896692 1.1749627 3.2090598 3.3141322 3.4643017 3.3516841 3.4643017 3.3832886 3.5640796 3.6003470 3.6435479 
AKR1C35|BAP76083.1|Mesocricetus 1.3324620 1.3300133 1.1359532 1.1467075 1.1353007 1.1243836 1.1081143 1.1394851 1.1498371 1.1729572 0.4603956 0.5230378 0.5108021 0.1828281 0.1744116 0.5287914 0.6261606 0.1794042 0.2064610 0.4760902 0.3876609 0.5119729 0.5172117 0.1781233 0.1963869 0.1334508 0.0000000 0.9517284 4.4245365 1.1459942 3.1811246 3.2854382 3.4149576 3.3568554 3.4149576 3.3886480 3.7384181 3.6405902 3.8054888 
AKR1D2|NP_620239.2|Rattus       1.1571835 1.1646073 0.9573206 0.9419912 1.0200829 1.0132193 0.9744734 0.9967238 1.0167807 1.0415135 0.7360971 0.8554457 0.8912147 0.9756176 0.9874080 0.9098716 0.8157293 0.9841037 1.0471509 0.8125723 0.8615721 0.7805517 0.8022224 0.9869303 1.0132676 0.9793505 0.9517284 0.0000000 4.3808727 0.9908497 3.2716616 3.3781527 3.2711972 3.3703170 3.2711972 3.4232794 3.7901380 3.7510678 3.8129326 
AKR1D4|NP_663397.1|Mus          4.9700130 5.0957584 4.6596807 4.7082530 5.3003784 5.2148732 4.7578833 5.1375971 5.2781544 5.5978540 3.8574398 3.9952788 4.6981672 4.2387429 4.3292815 4.3483774 4.2994078 4.4054948 4.3407460 3.8943053 4.3642204 3.6320631 4.0454031 4.3382988 4.2379129 3.9896692 4.4245365 4.3808727 0.0000000 4.2312665 4.9718123 5.1117823 5.2186745 5.0753630 5.2186745 5.1456676 5.1822486 4.7770740 4.6754110 
AKR1E1|AAB37274.1|Mus           1.0744891 1.0824191 0.6420053 0.6412257 0.6501950 0.6779909 0.7038856 0.6975927 0.6914038 0.6965478 1.0135002 1.0991226 1.1703692 1.0922341 1.1132231 1.1627547 1.0989508 1.1195298 1.1650137 1.0967676 1.0959089 1.0251105 1.1555376 1.1067300 1.1344004 1.1749627 1.1459942 0.9908497 4.2312665 0.0000000 3.1136363 3.1798290 3.1132907 3.2344016 3.1132907 3.3055406 3.9257245 3.8993254 4.0672646 
AKR6A2|CAA54142.1|Rattus        3.1328043 3.0568910 3.0715946 3.1349067 3.4747035 3.1823570 3.2031746 3.1457413 3.1823052 3.3989531 3.0862829 3.2611545 3.1018036 3.0490274 3.1925243 3.1983131 2.7848812 3.2915461 3.1502052 3.3077263 2.9142674 3.2075259 2.9058563 3.2064184 3.1811335 3.2090598 3.1811246 3.2716616 4.9718123 3.1136363 0.0000000 0.0082414 0.2617544 0.4527160 0.2632514 0.4420704 2.7116778 2.6192776 2.6326771 
AKR6A4|AAA75174.1|Mus           3.2121092 3.1332210 3.1537350 3.2196420 3.5739578 3.2690148 3.2902976 3.2314052 3.2686045 3.4945208 3.1853950 3.3689066 3.1999852 3.1464270 3.2962548 3.3008879 2.8927974 3.4014799 3.2527312 3.4208758 3.0056428 3.3375140 2.9963505 3.3104138 3.2851973 3.3141322 3.2854382 3.3781527 5.1117823 3.1798290 0.0082414 0.0000000 0.2753401 0.4664198 0.2768958 0.4555845 2.7997248 2.7010392 2.6996615 
AKR6A8|NP_034727.3|Mus          3.1183842 3.1160421 3.0015206 3.0643806 3.3071983 3.1403035 3.0562053 3.1065873 3.1170846 3.2980462 3.1543509 3.2061269 3.2366636 3.2673238 3.4261017 3.2067077 2.9038535 3.3967165 3.2725883 3.2859109 3.0785230 3.3579259 2.8856896 3.4406412 3.3586323 3.4643017 3.4149576 3.2711972 5.2186745 3.1132907 0.2617544 0.2753401 0.0000000 0.4092376 0.0024434 0.4053760 2.7604330 2.6374532 2.6621164 
AKR6A12|Q63494.1|Rattus         3.2966614 3.2539868 3.1530637 3.1950261 3.3171777 3.2452749 3.1561094 3.2183389 3.1835886 3.4376980 3.1032168 3.3505321 3.2469503 3.2503258 3.3488187 3.2227497 2.9965787 3.4107012 3.2428674 3.3723454 3.1587990 3.3751289 2.8658999 3.3634990 3.3267944 3.3516841 3.3568554 3.3703170 5.0753630 3.2344016 0.4527160 0.4664198 0.4092376 0.0000000 0.4111313 0.0336180 2.8925882 2.7273686 2.7001425 
AKR6A13|P63144.1|Rattus         3.1183842 3.1160421 3.0015206 3.0643806 3.3071983 3.1403035 3.0562053 3.1065873 3.1170846 3.2980462 3.1543509 3.2061269 3.2366636 3.2673238 3.4261017 3.2067077 2.9038535 3.3967165 3.2725883 3.2859109 3.0785230 3.3579259 2.8856896 3.4406412 3.3586323 3.4643017 3.4149576 3.2711972 5.2186745 3.1132907 0.2632514 0.2768958 0.0024434 0.4111313 0.0000000 0.4072564 2.7604330 2.6374532 2.6621164 
AKR6A14|NP_034729.3|Mus         3.3477222 3.3040944 3.1726280 3.2149013 3.3383997 3.2671024 3.2158216 3.2384200 3.2792226 3.4649322 3.1229438 3.3694132 3.3325988 3.2804529 3.3801893 3.3185692 3.0453131 3.4413842 3.2760210 3.4026899 3.1804862 3.3826607 2.8811340 3.3949291 3.3572880 3.3832886 3.3886480 3.4232794 5.1456676 3.3055406 0.4420704 0.4555845 0.4053760 0.0336180 0.4072564 0.0000000 2.8967578 2.7688810 2.7568711 
AKR7A1|P38918.2|Rattus          3.4179799 3.4088775 4.0759738 4.1290677 4.3837695 4.4111664 4.4208647 4.5483083 4.4194724 4.6274978 3.5485076 3.7116746 4.1487903 3.6894954 3.9615946 3.9743817 3.7365605 3.8578059 3.9757737 3.9233251 3.5026251 4.0534812 3.8138709 3.9774511 3.8624469 3.5640796 3.7384181 3.7901380 5.1822486 3.9257245 2.7116778 2.7997248 2.7604330 2.8925882 2.7604330 2.8967578 0.0000000 0.2666706 0.2827783 
AKR7A4|BAA90396.1|Rattus        3.5154768 3.5173221 4.1341674 4.1562342 4.3102082 4.4122502 4.4108413 4.5282753 4.3287758 4.5474690 3.3123149 3.6581024 3.9503123 3.5322755 3.7520131 3.8163595 3.5092874 3.7799466 3.7737843 3.8224115 3.2850566 3.8086524 3.6307902 3.7676119 3.5642843 3.6003470 3.6405902 3.7510678 4.7770740 3.8993254 2.6192776 2.7010392 2.6374532 2.7273686 2.6374532 2.7688810 0.2666706 0.0000000 0.1338972 
AKR7A5|BAB23073.1|Mus           3.7493766 3.7514032 4.3809384 4.4381944 4.6174510 4.6994929 4.7210029 4.8063688 4.6755130 4.9958526 3.4949987 3.7550945 4.1716921 3.6507338 3.9030833 4.0030735 3.7130398 3.9873309 3.9115316 3.9746661 3.4261136 4.1083094 3.8007357 3.9187626 3.8556219 3.6435479 3.8054888 3.8129326 4.6754110 4.0672646 2.6326771 2.6996615 2.6621164 2.7001425 2.6621164 2.7568711 0.2827783 0.1338972 0.0000000 
